from,to,timestamp,value,Temporal Ricci value,bin_edge,bin_pair
0x46d472f1f7544feb2f32932fab3dd11088a667e7,0x1dc6c207385be418640038f8b9ecff37f35b5dde,1599541863,0.9997869894501046,19.23992354016569,8,8
0x46d472f1f7544feb2f32932fab3dd11088a667e7,0x1dc6c207385be418640038f8b9ecff37f35b5dde,1601797951,0.9999111101358359,34.833348079544514,8,8
0x46d472f1f7544feb2f32932fab3dd11088a667e7,0x1dc6c207385be418640038f8b9ecff37f35b5dde,1603261940,0.9999614916424981,35.07813130663053,8,8
0x46d472f1f7544feb2f32932fab3dd11088a667e7,0x1dc6c207385be418640038f8b9ecff37f35b5dde,1605208768,0.9999511337626049,35.34247833125816,8,8
0x6c4d390fdddeeb111380fcc7e7a21a6c047b6134,0x1a70e159e5617cdc78c276c969ac68139d28db68,1604464039,0.9997331307382271,37.31889399697674,8,3
0x6c4d390fdddeeb111380fcc7e7a21a6c047b6134,0x1a70e159e5617cdc78c276c969ac68139d28db68,1605480552,0.9998006535395848,38.10287840399906,8,3
0x7fd10830d4301231c0bfd92652a52b8ecbf45cc8,0xe3c7f3bdcd1ef083ef065e04327674838226824e,1598013508,0.9994226141992825,35.15924555265605,8,9
0x7fd10830d4301231c0bfd92652a52b8ecbf45cc8,0xe3c7f3bdcd1ef083ef065e04327674838226824e,1599416320,0.998825986133802,34.90375839381741,8,9
0x7fd10830d4301231c0bfd92652a52b8ecbf45cc8,0xe3c7f3bdcd1ef083ef065e04327674838226824e,1600251162,0.9913846440220636,34.83595530853234,8,9
0x7fd10830d4301231c0bfd92652a52b8ecbf45cc8,0xe3c7f3bdcd1ef083ef065e04327674838226824e,1600298950,0.9996875491176938,34.80132805410206,8,9
0x7fd10830d4301231c0bfd92652a52b8ecbf45cc8,0xe3c7f3bdcd1ef083ef065e04327674838226824e,1602922609,0.9895591509023909,34.055711901279615,8,9
0x7fd10830d4301231c0bfd92652a52b8ecbf45cc8,0xe3c7f3bdcd1ef083ef065e04327674838226824e,1603530216,0.9999994288696754,34.47170446076078,8,9
0x71ac25f5672dc8e6640576a4cf84fc0168c23ed3,0x548eacd6c6b764b61102ccfb2ea590ca4a12d457,1599108425,0.9987854842062424,28.342483507363475,8,8
0x71ac25f5672dc8e6640576a4cf84fc0168c23ed3,0x548eacd6c6b764b61102ccfb2ea590ca4a12d457,1600831304,0.9996634391875934,28.122908725343073,8,8
0x71ac25f5672dc8e6640576a4cf84fc0168c23ed3,0x548eacd6c6b764b61102ccfb2ea590ca4a12d457,1601865719,0.9998904740387465,28.164730354359012,8,8
0x71ac25f5672dc8e6640576a4cf84fc0168c23ed3,0x548eacd6c6b764b61102ccfb2ea590ca4a12d457,1603766984,0.9998099849295119,28.26131675853565,8,8
0x71ac25f5672dc8e6640576a4cf84fc0168c23ed3,0x548eacd6c6b764b61102ccfb2ea590ca4a12d457,1606271954,0.9997647785140006,28.65180350333507,8,8
0xb832f16c796cb3cef38aa4f62c07e97dd5635e42,0xcc34e25aee4b38f48e0ccd628552e721ec8adcae,1599232011,0.9998796739467734,16.57512165269416,8,8
0xb832f16c796cb3cef38aa4f62c07e97dd5635e42,0xcc34e25aee4b38f48e0ccd628552e721ec8adcae,1601718326,0.9993167833900903,17.299698158904434,8,8
0xb832f16c796cb3cef38aa4f62c07e97dd5635e42,0xcc34e25aee4b38f48e0ccd628552e721ec8adcae,1601718374,0.9991253082415403,17.299773491044757,8,8
0x4e30227099726e7d24bb12723b394f7ebf906060,0xca4606861e73a15b60531ab150007bf9a0bbf86d,1599329936,0.9988112044893384,15.764102369587661,8,8
0x4e30227099726e7d24bb12723b394f7ebf906060,0xca4606861e73a15b60531ab150007bf9a0bbf86d,1601929625,0.9938038283620426,16.460244082552467,8,8
0x4e30227099726e7d24bb12723b394f7ebf906060,0xca4606861e73a15b60531ab150007bf9a0bbf86d,1601929737,0.9956020672065148,16.459841599853,8,8
0x7c8116815095f57da739011c72dba8a49f6ad63b,0xb3e4e4c07cbca430dfcee44a7d3af279fb4fe401,1599510920,0.9998150780306838,29.710419908046518,8,3
0x40f6171ba5dd69925e42d4c019b4839ee29a48c4,0x8a16d9e835c660a88e9910ca847f1e3885a45eb8,1605810295,0.9999718662532484,14.958247614622277,8,7
0x40f6171ba5dd69925e42d4c019b4839ee29a48c4,0x8a16d9e835c660a88e9910ca847f1e3885a45eb8,1606234236,0.9996638455731413,14.938383449070592,8,7
0x4a433ba7dad7c23a29bd826f8ee3bdd97a8e34c9,0x395e3a3e3872e70679dac751ee054baac92bbf52,1598749232,0.9992145063982243,24.956881818356166,8,8
0x4a433ba7dad7c23a29bd826f8ee3bdd97a8e34c9,0x395e3a3e3872e70679dac751ee054baac92bbf52,1599967036,0.9997458679234291,25.88318739003025,8,8
0x4a433ba7dad7c23a29bd826f8ee3bdd97a8e34c9,0x395e3a3e3872e70679dac751ee054baac92bbf52,1600221525,0.9998967329289018,26.161089165474475,8,8
0x4a433ba7dad7c23a29bd826f8ee3bdd97a8e34c9,0x395e3a3e3872e70679dac751ee054baac92bbf52,1602820529,0.9878597741567258,28.528582309728552,8,8
0xad1691a7ee0c7191f56cbe9f95df69fa110e0343,0x00164d1ab7ce1b366b302a2b3ca66cb7bb206b8f,1601556245,0.9997204134629749,20.50530638504146,8,6
0xad1691a7ee0c7191f56cbe9f95df69fa110e0343,0x00164d1ab7ce1b366b302a2b3ca66cb7bb206b8f,1603139889,0.9995137644970631,20.581030663722288,8,6
0x5a6d81aebee5c4c544d06bfab6812fddab6e627a,0x9c3615f28e6aba8eeea48fe0b6be6014217f528c,1598379354,0.9993839314136549,16.008170683326732,8,8
0x5a6d81aebee5c4c544d06bfab6812fddab6e627a,0x9c3615f28e6aba8eeea48fe0b6be6014217f528c,1599500475,0.9990934129468622,16.279176022155173,8,8
0x5a6d81aebee5c4c544d06bfab6812fddab6e627a,0x9c3615f28e6aba8eeea48fe0b6be6014217f528c,1600112135,0.9994003688706548,16.84907473592466,8,8
0x5a6d81aebee5c4c544d06bfab6812fddab6e627a,0x9c3615f28e6aba8eeea48fe0b6be6014217f528c,1602708321,0.9716515238109176,33.85528824671086,8,8
0x9fdebf5b364db1bda5e0d80f58a85180973fdb01,0xe85fae62b60927faa041afde11bc00b29e36f1d0,1605890778,0.9987765565088689,20.340986055487946,8,7
0x614217f5b46bc1d58f9fc2c84606b782c6878716,0x69295e9634627efb65c214f91241d482b9860a54,1601635152,0.9999128307954077,22.71308008597292,8,4
0x614217f5b46bc1d58f9fc2c84606b782c6878716,0x69295e9634627efb65c214f91241d482b9860a54,1605993960,0.999996361565703,20.97572571459288,8,4
0x3c3acb3fdba4353d267fd7f75440f43a80330c02,0x5e2c450c478bbf63ea0d27026a54fd8a0be5234f,1605891564,0.9989697310499495,22.735405404991646,8,4
0x01c0657a9b97932cbd21d2fd7dfc1384a1b43487,0x30be22de99a6b9eabe73dd605590bd1be0197417,1598550050,0.9998701514159604,17.041130105249334,8,8
0x01c0657a9b97932cbd21d2fd7dfc1384a1b43487,0x30be22de99a6b9eabe73dd605590bd1be0197417,1599990460,0.9998059148066782,16.761508527436458,8,8
0x01c0657a9b97932cbd21d2fd7dfc1384a1b43487,0x30be22de99a6b9eabe73dd605590bd1be0197417,1601855417,0.9999266270539228,16.96213041569971,8,8
0x01c0657a9b97932cbd21d2fd7dfc1384a1b43487,0x30be22de99a6b9eabe73dd605590bd1be0197417,1604775545,0.9983985972581523,17.371348030504404,8,8
0x9e5682e6c8e23e72e514437e566adea99b46d592,0x512903cf5468616b32532d9e26991446c01a335f,1606000829,0.995546943887362,15.750827164577839,8,8
0x483c7f3765153f4041f249a65496b1ff283434e1,0x230fe2dc4fe6a13adaa87b433862e3b21148546d,1601407516,0.9998437251952883,18.87517054236617,8,8
0x8d21e858a12e370e2cac50934e56b1c52dcd64b4,0x8d21e858a12e370e2cac50934e56b1c52dcd64b4,1597506027,0.999999637110687,14.67463545736553,8,7
0x4ccad8777cdb9154cf9e1c143d8f16f1275c27b2,0x7f0a11358c212447609970cdd56633303cfc6dff,1598002935,0.9999927422637794,15.79964691459635,8,8
0x4ccad8777cdb9154cf9e1c143d8f16f1275c27b2,0x7f0a11358c212447609970cdd56633303cfc6dff,1598005228,0.0909091508908569,24.558996722737945,8,8
0x4ccad8777cdb9154cf9e1c143d8f16f1275c27b2,0x7f0a11358c212447609970cdd56633303cfc6dff,1598008652,0.8820014376219742,16.556085006785878,8,8
0x4ccad8777cdb9154cf9e1c143d8f16f1275c27b2,0x7f0a11358c212447609970cdd56633303cfc6dff,1598009646,0.893414444791494,16.479211085971432,8,8
0x4ccad8777cdb9154cf9e1c143d8f16f1275c27b2,0x7f0a11358c212447609970cdd56633303cfc6dff,1598014072,0.8946718642819315,16.466991253080256,8,8
0x4ccad8777cdb9154cf9e1c143d8f16f1275c27b2,0xb8d967dfc3b76de59e42cf89cb8fb0d1927f8b5e,1601401988,0.9990182601438052,15.197861643563007,8,7
0x4ccad8777cdb9154cf9e1c143d8f16f1275c27b2,0x9c9136edd353d045e16cdd7fea822b0c43c88515,1601402021,0.9875508807309293,17.93293126004779,8,8
0x4ccad8777cdb9154cf9e1c143d8f16f1275c27b2,0xe8b5fa3b8bf4248a9e2a185faf8ad0906f10ffef,1601402089,0.9973752332774092,17.11367002631958,8,8
0x86e283cab263b49256924d4232532ae4531ff0bb,0xc22ae4b761af0b01858895d2ceeff8e03a76b0a6,1598641965,0.999274747483392,22.737092954366595,8,8
0x86e283cab263b49256924d4232532ae4531ff0bb,0xc22ae4b761af0b01858895d2ceeff8e03a76b0a6,1599831066,0.9998403541351653,22.643172243178547,8,8
0xe3c7f3bdcd1ef083ef065e04327674838226824e,0xccb5ade4af1d2250abfc8458a3d1747049bf0eb1,1598045475,0.9994226141992825,25.75253854537641,8,8
0xe3c7f3bdcd1ef083ef065e04327674838226824e,0xccb5ade4af1d2250abfc8458a3d1747049bf0eb1,1600300705,0.9910775528727933,24.490770144352606,8,8
0xe3c7f3bdcd1ef083ef065e04327674838226824e,0xccb5ade4af1d2250abfc8458a3d1747049bf0eb1,1603038401,0.9994559617928527,23.181310867895096,8,8
0xe3c7f3bdcd1ef083ef065e04327674838226824e,0xccb5ade4af1d2250abfc8458a3d1747049bf0eb1,1603530768,0.9881230256668547,23.50840464295952,8,8
0x913bbb4c71da6e88f90bf7e53e6b1310d75d306e,0xa37546609a7427d856c60a3e97cdb6b37da5a804,1601935171,0.36793264404711434,27.474407241260863,8,8
0x913bbb4c71da6e88f90bf7e53e6b1310d75d306e,0xa37546609a7427d856c60a3e97cdb6b37da5a804,1603981075,0.7038058595029602,27.37348176291831,8,8
0x417be2dfd1c5b2aee1b6b0c585caa9bbf4fdc864,0xd57fe94225a8fd8e1a1826de1c6d6b3afc97c062,1618146287,0.9997364105530653,14.595257532015506,8,7
0x480ea104ff7063ed0af41c98d8ef2457afe2a41c,0x6cb2291a3c3794fca0f5b6e34a8e6ea7933ca667,1598310619,0.9979601977141305,27.803914013008413,8,8
0x480ea104ff7063ed0af41c98d8ef2457afe2a41c,0x6cb2291a3c3794fca0f5b6e34a8e6ea7933ca667,1598325360,0.9963972855311942,27.79200536833666,8,8
0x480ea104ff7063ed0af41c98d8ef2457afe2a41c,0x6cb2291a3c3794fca0f5b6e34a8e6ea7933ca667,1598331345,0.9975224972999093,27.785233298760666,8,8
0x480ea104ff7063ed0af41c98d8ef2457afe2a41c,0x6cb2291a3c3794fca0f5b6e34a8e6ea7933ca667,1598585511,0.9979139930664368,27.716703502928475,8,8
0x480ea104ff7063ed0af41c98d8ef2457afe2a41c,0x6cb2291a3c3794fca0f5b6e34a8e6ea7933ca667,1598827972,0.9925105243353657,27.756979791939447,8,8
0x480ea104ff7063ed0af41c98d8ef2457afe2a41c,0x6cb2291a3c3794fca0f5b6e34a8e6ea7933ca667,1598827972,0.9991469775997253,27.740172062406693,8,8
0x480ea104ff7063ed0af41c98d8ef2457afe2a41c,0x6cb2291a3c3794fca0f5b6e34a8e6ea7933ca667,1601121273,0.9999929046265533,29.384065469508325,8,8
0x480ea104ff7063ed0af41c98d8ef2457afe2a41c,0x6cb2291a3c3794fca0f5b6e34a8e6ea7933ca667,1601814518,0.9667552880420688,30.004586411225873,8,8
0x6cb2291a3c3794fca0f5b6e34a8e6ea7933ca667,0x1f8a6d8185b76f5ac08f335610a2390dab3225a8,1598310619,0.9979601977141305,26.303311757952667,8,8
0x6cb2291a3c3794fca0f5b6e34a8e6ea7933ca667,0x1f8a6d8185b76f5ac08f335610a2390dab3225a8,1598325360,0.9963972855311942,26.28818033169538,8,8
0x6cb2291a3c3794fca0f5b6e34a8e6ea7933ca667,0x1f8a6d8185b76f5ac08f335610a2390dab3225a8,1598331345,0.9975224972999093,26.27965102657628,8,8
0x6cb2291a3c3794fca0f5b6e34a8e6ea7933ca667,0x1f8a6d8185b76f5ac08f335610a2390dab3225a8,1598585511,0.9979139930664368,26.251588493724068,8,8
0x6cb2291a3c3794fca0f5b6e34a8e6ea7933ca667,0x1f8a6d8185b76f5ac08f335610a2390dab3225a8,1598827972,0.9925105243353657,26.327553822159302,8,8
0x6cb2291a3c3794fca0f5b6e34a8e6ea7933ca667,0x1f8a6d8185b76f5ac08f335610a2390dab3225a8,1598827972,0.9991469775997253,26.309312431029337,8,8
0x6cb2291a3c3794fca0f5b6e34a8e6ea7933ca667,0x1f8a6d8185b76f5ac08f335610a2390dab3225a8,1601814518,0.9667552880420688,27.50480455605287,8,8
0x6cb2291a3c3794fca0f5b6e34a8e6ea7933ca667,0x728bbe9bbee3af78ad611315076621865950b344,1601121273,0.9999929046265533,30.30954342241109,8,8
0x1f8a6d8185b76f5ac08f335610a2390dab3225a8,0x11111254369792b2ca5d084ab5eea397ca8fa48b,1598310619,0.9979601977141305,39.93611958035008,8,9
0x1f8a6d8185b76f5ac08f335610a2390dab3225a8,0x11111254369792b2ca5d084ab5eea397ca8fa48b,1598325360,0.9963972855311942,39.82832056239137,8,9
0x1f8a6d8185b76f5ac08f335610a2390dab3225a8,0x11111254369792b2ca5d084ab5eea397ca8fa48b,1598331345,0.9975544805970346,39.769012110641036,8,9
0x1f8a6d8185b76f5ac08f335610a2390dab3225a8,0x11111254369792b2ca5d084ab5eea397ca8fa48b,1598585511,0.9979139930664368,38.24587609157105,8,9
0x1f8a6d8185b76f5ac08f335610a2390dab3225a8,0x11111254369792b2ca5d084ab5eea397ca8fa48b,1598827972,0.9916702260997601,37.073050336593454,8,9
0x1f8a6d8185b76f5ac08f335610a2390dab3225a8,0x11111254369792b2ca5d084ab5eea397ca8fa48b,1601814518,0.9667552880420688,29.128857171055795,8,9
0x1f8a6d8185b76f5ac08f335610a2390dab3225a8,0x68a17b587caf4f9329f0e372e3a78d23a46de6b5,1601814518,1.0,18.186630473091846,8,7
0x11111254369792b2ca5d084ab5eea397ca8fa48b,0x9ae4528159a8118893f04deba955e29435c5b564,1598331345,0.9975544805970346,21.271358598089634,8,8
0x11111254369792b2ca5d084ab5eea397ca8fa48b,0xaae728e2903540cc0d5c3527b877440f9353ea6f,1599797325,0.9975789592498836,24.141132955637218,8,8
0x11111254369792b2ca5d084ab5eea397ca8fa48b,0xaae728e2903540cc0d5c3527b877440f9353ea6f,1603682606,0.9973158594680244,28.473346468214075,8,8
0x11111254369792b2ca5d084ab5eea397ca8fa48b,0x63b44828f0996068e4566b9baee77fecdbca3b4f,1599801145,0.9994815348051882,21.759798217121133,8,8
0x11111254369792b2ca5d084ab5eea397ca8fa48b,0xf25c94e204047b1fb2ecf3532ad10acc02377775,1599825197,0.9943554114214592,25.458832008572326,8,8
0x11111254369792b2ca5d084ab5eea397ca8fa48b,0xf25c94e204047b1fb2ecf3532ad10acc02377775,1600596762,0.9847527004697948,23.36900316415201,8,8
0x11111254369792b2ca5d084ab5eea397ca8fa48b,0x20abd3ae104b6b7549fe9dadf3b770bcc957b05d,1601121273,0.9999929046273146,19.827433420868154,8,8
0x11111254369792b2ca5d084ab5eea397ca8fa48b,0x94b071242a754c62abe546c94c783c1bd736720b,1601211885,0.9999993680770652,16.93466122829805,8,8
0x11111254369792b2ca5d084ab5eea397ca8fa48b,0x55d44f1d15b1fd349ed1ea635681d5c134c905c7,1601471405,0.9999683050788984,17.142729381046035,8,8
0x11111254369792b2ca5d084ab5eea397ca8fa48b,0xb7f5f4ac74fb1481efa5a2184b8ea5ac762494fb,1603682898,0.9949837950945926,23.37771500369346,8,8
0xd4bb87428873f0f7db9864e17a6fd91202533a8b,0x1526cfe3dd07fe11cf92b6af027a8efaa54ae259,1604982484,0.9995501950152323,20.873756653544152,8,8
0x1526cfe3dd07fe11cf92b6af027a8efaa54ae259,0xd4bb87428873f0f7db9864e17a6fd91202533a8b,1604979240,0.9990758496491129,20.874930459845285,8,8
0x1526cfe3dd07fe11cf92b6af027a8efaa54ae259,0xd4bb87428873f0f7db9864e17a6fd91202533a8b,1604979364,0.9998943858382927,20.874437537157142,8,8
0x1526cfe3dd07fe11cf92b6af027a8efaa54ae259,0xd4bb87428873f0f7db9864e17a6fd91202533a8b,1608155931,0.9999766137229185,21.47879862693259,8,8
0x9c3615f28e6aba8eeea48fe0b6be6014217f528c,0x5a6d81aebee5c4c544d06bfab6812fddab6e627a,1598382822,0.9993841931744669,16.005326776183818,8,8
0x9c3615f28e6aba8eeea48fe0b6be6014217f528c,0x5a6d81aebee5c4c544d06bfab6812fddab6e627a,1598892635,0.9830446692645648,16.017523527784043,8,8
0x42162fd6dda5cf66d858e78a1096aa2e711d8505,0x0035cd7a3d382605de4172a056a7c670c0608077,1599216652,0.9998263678438016,15.180234123924123,8,5
0xc22ae4b761af0b01858895d2ceeff8e03a76b0a6,0x86e283cab263b49256924d4232532ae4531ff0bb,1599830205,0.9999689599267044,22.64319044276547,8,8
0xc22ae4b761af0b01858895d2ceeff8e03a76b0a6,0x86e283cab263b49256924d4232532ae4531ff0bb,1604258927,0.9999889881266882,22.91156138684043,8,8
0xc22ae4b761af0b01858895d2ceeff8e03a76b0a6,0x86e283cab263b49256924d4232532ae4531ff0bb,1606904379,0.9990432493958721,22.821041823079508,8,8
0x84f9767034e78ae567b88a9cd1d37256c8285d43,0x969dfdc198719aeae7cc73d350938436875552d4,1606009816,0.9997486013426456,16.88997718049681,8,4
0x84f9767034e78ae567b88a9cd1d37256c8285d43,0x969dfdc198719aeae7cc73d350938436875552d4,1607283620,0.9999675439082957,16.75739020863467,8,4
0x98725bea9caf118e3e31a0fe480b887f81f45bd7,0x12a23cfba88422da83a3f5131040ccd00506efa7,1607975637,0.9995839740415384,16.160979546592806,8,4
0x98725bea9caf118e3e31a0fe480b887f81f45bd7,0x12a23cfba88422da83a3f5131040ccd00506efa7,1609067551,0.9996659399299933,15.900806994237467,8,4
0xedcf11b5e45aa7f2b858c370683b81306dfe203a,0x98725bea9caf118e3e31a0fe480b887f81f45bd7,1607239513,0.9998209415651459,30.743901242257472,8,4
0xedcf11b5e45aa7f2b858c370683b81306dfe203a,0x98725bea9caf118e3e31a0fe480b887f81f45bd7,1607973802,0.9997629476015886,31.09569413267712,8,4
0xedcf11b5e45aa7f2b858c370683b81306dfe203a,0x98725bea9caf118e3e31a0fe480b887f81f45bd7,1609065365,0.9996659399299933,31.824481803123117,8,4
0x336142569071aaaff577d4b62581df3f9ea7d6b9,0x8b21394019887b32850879d44b79921067662029,1598928713,0.9981888390320548,22.202186514171856,8,8
0x336142569071aaaff577d4b62581df3f9ea7d6b9,0x8b21394019887b32850879d44b79921067662029,1598993130,0.997439132060141,22.17790032779701,8,8
0x336142569071aaaff577d4b62581df3f9ea7d6b9,0x162755898b07f9661ea4fe514d462c2f6d6e116f,1601465801,0.999996371118721,18.304034299972848,8,8
0x336142569071aaaff577d4b62581df3f9ea7d6b9,0x162755898b07f9661ea4fe514d462c2f6d6e116f,1601500924,0.9996807501832115,18.31086560809957,8,8
0x336142569071aaaff577d4b62581df3f9ea7d6b9,0x162755898b07f9661ea4fe514d462c2f6d6e116f,1604099134,0.999996371118721,18.58041756023627,8,8
0x336142569071aaaff577d4b62581df3f9ea7d6b9,0x162755898b07f9661ea4fe514d462c2f6d6e116f,1604099231,0.9956408244575726,18.58127381416545,8,8
0x336142569071aaaff577d4b62581df3f9ea7d6b9,0x162755898b07f9661ea4fe514d462c2f6d6e116f,1604099573,0.9999948478799482,18.58042448599668,8,8
0x8b21394019887b32850879d44b79921067662029,0x336142569071aaaff577d4b62581df3f9ea7d6b9,1601440436,0.9996773408490772,21.440729717419483,8,8
0x8b21394019887b32850879d44b79921067662029,0x336142569071aaaff577d4b62581df3f9ea7d6b9,1604098926,0.9956372271451402,21.418701434781845,8,8
0x8b21394019887b32850879d44b79921067662029,0x336142569071aaaff577d4b62581df3f9ea7d6b9,1604099528,0.9999948478799482,21.413267777100955,8,8
0xa514ef6b4a352615191269a6da7099805305127e,0x000c9aaa593e3310343f48c0f561b9fa6393c94e,1610643030,0.9899321124518282,20.424012533288554,8,4
0x548eacd6c6b764b61102ccfb2ea590ca4a12d457,0x8621b914d659776232521e4a811c8536f90b197b,1599268211,0.9987854842062424,20.55614059807015,8,8
0x548eacd6c6b764b61102ccfb2ea590ca4a12d457,0x8621b914d659776232521e4a811c8536f90b197b,1602442409,0.9998904740387465,20.406386671681975,8,8
0x548eacd6c6b764b61102ccfb2ea590ca4a12d457,0x8621b914d659776232521e4a811c8536f90b197b,1603771472,0.9998099849295119,20.416217149988768,8,8
0x548eacd6c6b764b61102ccfb2ea590ca4a12d457,0x8621b914d659776232521e4a811c8536f90b197b,1606272241,0.9997647785140006,20.320834495034603,8,8
0x548eacd6c6b764b61102ccfb2ea590ca4a12d457,0x8621b914d659776232521e4a811c8536f90b197b,1609304296,0.9943071225248253,20.200440562672338,8,8
0x1a77f38f8adbe499580ec1999cad2bc05b69c82c,0x87257a1180f33616303f7eb18dafbce237caa07f,1604613656,0.9998804926605099,17.1689508954298,8,8
0x709f8b714186fb7b07f40a35d81d2639d2e37c85,0x1a77f38f8adbe499580ec1999cad2bc05b69c82c,1604610619,1.0,18.96718203616091,8,8
0x709f8b714186fb7b07f40a35d81d2639d2e37c85,0x1a77f38f8adbe499580ec1999cad2bc05b69c82c,1604612448,0.9998804926605099,18.967068945544984,8,8
0x20e11d8e243078b5f66652ba42d8cba075af3f7e,0xee3f45abfde8678c9458bef3083920f7196846af,1607845830,0.9999826178977373,35.81324180320624,8,6
0x63f74e2d77824cd0427f10499934dcca93efa0e5,0xe7d38b72a4c116d2b789ffcb63a45e93c3f14650,1599420953,0.9915798873302566,17.34281359325,8,8
0xe7d38b72a4c116d2b789ffcb63a45e93c3f14650,0x63f74e2d77824cd0427f10499934dcca93efa0e5,1602245267,0.9993897642105152,17.078643847878883,8,8
0xe7d38b72a4c116d2b789ffcb63a45e93c3f14650,0x63f74e2d77824cd0427f10499934dcca93efa0e5,1606055212,0.9915798873302566,16.82898473919545,8,8
0xe7d38b72a4c116d2b789ffcb63a45e93c3f14650,0x63f74e2d77824cd0427f10499934dcca93efa0e5,1606055321,0.9999998251705414,16.82430143448195,8,8
0xb3e4e4c07cbca430dfcee44a7d3af279fb4fe401,0x7c8116815095f57da739011c72dba8a49f6ad63b,1603291273,0.9998150780306838,26.20374053064915,8,8
0xf5ed6ccc1a5e7d326af37316e6187e5f26e77ece,0x5c9d9faaa980aff9966047292ac33550fe330eeb,1603682474,0.9999927422637794,15.960235104908996,8,7
0xf5ed6ccc1a5e7d326af37316e6187e5f26e77ece,0x5c9d9faaa980aff9966047292ac33550fe330eeb,1603682754,0.999414219220396,15.960448195200225,8,7
0x728bbe9bbee3af78ad611315076621865950b344,0x68a17b587caf4f9329f0e372e3a78d23a46de6b5,1601121273,0.9999999999992386,24.368255386838065,8,8
0xcbf0775a7f672f5e645025109ee22db1c6bdb0c5,0x9ed9cd6116aefa77182f2599e4f356efd750bdc9,1610222598,0.9996354290684265,14.891976352884498,8,6
0x1237347090891500d07ec918ee67aaa95ba880ef,0x918fc14cfb4df48ecbc73478e15c32c7a05bf7e2,1599835749,0.9977304862082976,16.24238240775134,8,8
0x1237347090891500d07ec918ee67aaa95ba880ef,0x918fc14cfb4df48ecbc73478e15c32c7a05bf7e2,1603102881,1.0,15.714586220849133,8,8
0x1237347090891500d07ec918ee67aaa95ba880ef,0x918fc14cfb4df48ecbc73478e15c32c7a05bf7e2,1603103460,0.9996849365422866,15.71463184373631,8,8
0x1237347090891500d07ec918ee67aaa95ba880ef,0x918fc14cfb4df48ecbc73478e15c32c7a05bf7e2,1603724243,0.9945690180501009,15.693066832809428,8,8
0x1237347090891500d07ec918ee67aaa95ba880ef,0x918fc14cfb4df48ecbc73478e15c32c7a05bf7e2,1604624686,0.9963842268113776,15.832063139308108,8,8
0xfdad568e04b65afbf2d13cff7d6877336f32232e,0xed1b43a5730e9e86cecd250a84ca0825d4732571,1609646687,0.9999887796496637,15.371146232779955,8,6
0x7c95c661b110e2f8bfc0d6407d397c34d278d809,0x7f2b849a4829f3ac865373d747556c4c12fa325e,1604336164,0.9998854391271533,15.50147162343284,8,4
0x17559a8138e72c6ef34512b11685dedc509badcf,0xea7152fd5047325d00f5b75385c23c6b7e1007f1,1599923093,0.9984296299367229,35.46569695722511,8,9
0x17559a8138e72c6ef34512b11685dedc509badcf,0xea7152fd5047325d00f5b75385c23c6b7e1007f1,1600958892,0.9981986016831212,34.51539182268988,8,9
0x17559a8138e72c6ef34512b11685dedc509badcf,0xea7152fd5047325d00f5b75385c23c6b7e1007f1,1603932350,0.9980565472359484,35.72690620732299,8,9
0x17559a8138e72c6ef34512b11685dedc509badcf,0xea7152fd5047325d00f5b75385c23c6b7e1007f1,1605107742,0.999963712372361,36.08883358946702,8,9
0x17559a8138e72c6ef34512b11685dedc509badcf,0xea7152fd5047325d00f5b75385c23c6b7e1007f1,1605107935,0.9982531489848098,36.090439269926506,8,9
0x17559a8138e72c6ef34512b11685dedc509badcf,0xea7152fd5047325d00f5b75385c23c6b7e1007f1,1605115663,0.9982138857296811,36.091783149279095,8,9
0x17559a8138e72c6ef34512b11685dedc509badcf,0xea7152fd5047325d00f5b75385c23c6b7e1007f1,1605116033,0.9982170408282196,36.09184250339644,8,9
0x17559a8138e72c6ef34512b11685dedc509badcf,0xea7152fd5047325d00f5b75385c23c6b7e1007f1,1605118840,0.9982294441721156,36.09230232994553,8,9
0x17559a8138e72c6ef34512b11685dedc509badcf,0xea7152fd5047325d00f5b75385c23c6b7e1007f1,1605126822,0.9982390542419142,36.09362318469621,8,9
0x17559a8138e72c6ef34512b11685dedc509badcf,0xea7152fd5047325d00f5b75385c23c6b7e1007f1,1605127213,0.9982531403380985,36.09367499339876,8,9
0xdc27819f91d67e9bff0968f7e086254f7d57c47e,0xb0dfabbc6ef1a9ffe249842ef7a79f70721f2b1d,1608384227,0.9997188397536064,17.346402957022885,8,7
0xb0dfabbc6ef1a9ffe249842ef7a79f70721f2b1d,0xdc27819f91d67e9bff0968f7e086254f7d57c47e,1608383758,0.9997175641798215,17.346494388218765,8,8
0xb0dfabbc6ef1a9ffe249842ef7a79f70721f2b1d,0xdc27819f91d67e9bff0968f7e086254f7d57c47e,1609183540,0.9999782889376025,17.412196599691313,8,8
0xab267c793f20358b43b877ee46554a983dd1cb0d,0xad8faeb0154dadc2e4dddc7df779e3f1c08ec1a0,1607256343,0.9998090057796899,24.69648960271503,8,8
0xab267c793f20358b43b877ee46554a983dd1cb0d,0xad8faeb0154dadc2e4dddc7df779e3f1c08ec1a0,1607876338,0.9998753992606592,24.68932977263383,8,8
0xab267c793f20358b43b877ee46554a983dd1cb0d,0xad8faeb0154dadc2e4dddc7df779e3f1c08ec1a0,1607876439,0.9999223642040836,24.68848897245715,8,8
0xab267c793f20358b43b877ee46554a983dd1cb0d,0xad8faeb0154dadc2e4dddc7df779e3f1c08ec1a0,1607876924,0.9999999092199605,24.687210491960016,8,8
0x388863f84f3265769e730d0cf251ee5ff06ee111,0x070eb2840adef4a0abcbd15af2bb4496fa4e60d6,1616305393,0.9968684631062408,28.016429429930643,8,8
0x692d47ada6ebb8754f5365c22b3384307c886aaa,0x7d227bec062cc243069c2e39a249fdaf2e83a230,1600807543,0.999559311369274,40.38624682695033,8,9
0x692d47ada6ebb8754f5365c22b3384307c886aaa,0xb550b2ecab1908da66402b26d8eb19b412c62eaa,1607855883,0.9952757877220595,15.877987189214968,8,8
0xdf9c277b35d0567edf6a05a14372e63fae219146,0x388863f84f3265769e730d0cf251ee5ff06ee111,1605899658,0.9999707745934517,18.4764558334925,8,6
0x5cc15a4fcf51d3ae51338793dd1ebb874b834626,0xbc76d619cddb132590549a546f79db454da392ec,1600133521,0.9927456863105284,15.389964532679919,8,7
0xbc76d619cddb132590549a546f79db454da392ec,0x5cc15a4fcf51d3ae51338793dd1ebb874b834626,1601414933,0.999760075512433,15.352970480243822,8,7
0xbc76d619cddb132590549a546f79db454da392ec,0x5cc15a4fcf51d3ae51338793dd1ebb874b834626,1603240363,0.9999999489346764,15.183892982883833,8,7
0xbc76d619cddb132590549a546f79db454da392ec,0x5cc15a4fcf51d3ae51338793dd1ebb874b834626,1604066088,0.9927456863105284,15.069359758217137,8,7
0x66b2c8ec446ec013c114a1300e907f71f6ee70fa,0xbad205bb6d7d731389653a63d4f631d4177b4285,1607856851,1.0,22.561283725045584,8,8
0x66b2c8ec446ec013c114a1300e907f71f6ee70fa,0xbad205bb6d7d731389653a63d4f631d4177b4285,1607915399,0.9998114621897598,22.58181864159902,8,8
0x66b2c8ec446ec013c114a1300e907f71f6ee70fa,0xbad205bb6d7d731389653a63d4f631d4177b4285,1609178853,0.9986243269110275,23.390891386972825,8,8
0x33edfd4807ed485c0a7e350bbb926a59ed0481c8,0x66b2c8ec446ec013c114a1300e907f71f6ee70fa,1607661709,0.9998576184865843,38.19231234336122,8,9
0x33edfd4807ed485c0a7e350bbb926a59ed0481c8,0x66b2c8ec446ec013c114a1300e907f71f6ee70fa,1607844847,0.9999538305570645,38.210393361097054,8,9
0x33edfd4807ed485c0a7e350bbb926a59ed0481c8,0x66b2c8ec446ec013c114a1300e907f71f6ee70fa,1608427549,0.9998222655377519,38.80047938405948,8,9
0x33edfd4807ed485c0a7e350bbb926a59ed0481c8,0x66b2c8ec446ec013c114a1300e907f71f6ee70fa,1608485604,0.9999861355313454,38.85804271126364,8,9
0x33edfd4807ed485c0a7e350bbb926a59ed0481c8,0x66b2c8ec446ec013c114a1300e907f71f6ee70fa,1609176546,0.9997561778738504,39.84998264071102,8,9
0x8b35e3a4aaf6c40d4af39b7ed37dee53bf4913f7,0x9f0cd1d7389e49ab63d5fa61a8252de218270d22,1607051960,0.9992077147767395,23.386456175373095,8,4
0x8b35e3a4aaf6c40d4af39b7ed37dee53bf4913f7,0x9f0cd1d7389e49ab63d5fa61a8252de218270d22,1609569002,0.9996909344580139,23.03552371487745,8,4
0x9f0cd1d7389e49ab63d5fa61a8252de218270d22,0x8b35e3a4aaf6c40d4af39b7ed37dee53bf4913f7,1607051805,0.9999349226734431,23.361011194640035,8,4
0x9f0cd1d7389e49ab63d5fa61a8252de218270d22,0x8b35e3a4aaf6c40d4af39b7ed37dee53bf4913f7,1607569012,0.9999342532529273,23.480593441994362,8,4
0x9f0cd1d7389e49ab63d5fa61a8252de218270d22,0x8b35e3a4aaf6c40d4af39b7ed37dee53bf4913f7,1608522448,0.9998778892767518,23.46152399430552,8,4
0x9f0cd1d7389e49ab63d5fa61a8252de218270d22,0x8b35e3a4aaf6c40d4af39b7ed37dee53bf4913f7,1609568789,0.9998787483267786,23.02901173475932,8,4
0x0b9284397468fe4a6455842540e7f6675cf03392,0x3222528e1c1dd8f941b8e0caba22de56d2414b75,1607051693,0.9994559619713066,23.148713298103434,8,3
0x3222528e1c1dd8f941b8e0caba22de56d2414b75,0x0b9284397468fe4a6455842540e7f6675cf03392,1607051383,0.999884284484387,23.132366625753217,8,3
0x3222528e1c1dd8f941b8e0caba22de56d2414b75,0x0b9284397468fe4a6455842540e7f6675cf03392,1607569012,0.9999227286150105,23.75963773964548,8,3
0x3222528e1c1dd8f941b8e0caba22de56d2414b75,0x0b9284397468fe4a6455842540e7f6675cf03392,1608522448,0.9998566320518645,24.455858287296387,8,3
0x378ea05e21100a6703609459dc9514e487ee5147,0x514b58875edddf8cdddedd951b167d09e32f0032,1604057845,0.9997857977786668,32.39426109880796,8,8
0x514b58875edddf8cdddedd951b167d09e32f0032,0x378ea05e21100a6703609459dc9514e487ee5147,1606856942,0.999966061172775,32.49254821940183,8,8
0x514b58875edddf8cdddedd951b167d09e32f0032,0x378ea05e21100a6703609459dc9514e487ee5147,1607078676,0.9998478540300859,32.486605931048544,8,8
0x514b58875edddf8cdddedd951b167d09e32f0032,0x378ea05e21100a6703609459dc9514e487ee5147,1607079355,0.999999938422707,32.48646559547445,8,8
0x514b58875edddf8cdddedd951b167d09e32f0032,0x378ea05e21100a6703609459dc9514e487ee5147,1609126003,0.9996064593759688,32.7689346912397,8,8
0x514b58875edddf8cdddedd951b167d09e32f0032,0x378ea05e21100a6703609459dc9514e487ee5147,1612074349,0.9994155836726993,15.225694864813248,8,8
0x2ebcb8a7c31d497658add9b284728e53fd671cd9,0x621e772caddc770538d87df81d5c0ff896c54ae4,1600578716,0.998879607870733,19.37434707448193,8,8
0x2ebcb8a7c31d497658add9b284728e53fd671cd9,0x621e772caddc770538d87df81d5c0ff896c54ae4,1600913292,0.9988841863521387,19.218685208826663,8,8
0x621e772caddc770538d87df81d5c0ff896c54ae4,0x2ebcb8a7c31d497658add9b284728e53fd671cd9,1601614934,0.9999608187015291,19.00300670956229,8,8
0x621e772caddc770538d87df81d5c0ff896c54ae4,0x2ebcb8a7c31d497658add9b284728e53fd671cd9,1604293640,0.9977662917280615,17.918662496677193,8,8
0x12e5de5a9acac024e08c60a1b063c3f17565a523,0xb285ae42b3abf002ca4a368648bba1d5ad9dec56,1600602710,0.9999989113328508,21.492860852299135,8,8
0x12e5de5a9acac024e08c60a1b063c3f17565a523,0xb285ae42b3abf002ca4a368648bba1d5ad9dec56,1600603853,0.9987676963337009,21.493611241514767,8,8
0x12e5de5a9acac024e08c60a1b063c3f17565a523,0xb285ae42b3abf002ca4a368648bba1d5ad9dec56,1601542967,0.9986735863420273,21.07253707085733,8,8
0x12e5de5a9acac024e08c60a1b063c3f17565a523,0xb285ae42b3abf002ca4a368648bba1d5ad9dec56,1608371519,0.9993943416715199,22.675267607951753,8,8
0x5424f899ce791a277ddcb6ed8783780f2428eddb,0xc5721a55b40dbd987a52da5a6185c276571de8eb,1605188710,0.9999699649803999,15.425591376989974,8,7
0x5424f899ce791a277ddcb6ed8783780f2428eddb,0xc5721a55b40dbd987a52da5a6185c276571de8eb,1608488798,0.9999802339379446,15.32661622156348,8,7
0x00164d1ab7ce1b366b302a2b3ca66cb7bb206b8f,0xad1691a7ee0c7191f56cbe9f95df69fa110e0343,1601556535,0.9997191064874132,20.505197378749873,8,8
0xed87d39f45e0c1274a29d42bb9cd6b9e00244eb2,0x91732035ee0d535d2721d04ba098fbbf715708b6,1600744934,0.9971860470332231,19.61563376176216,8,8
0xed87d39f45e0c1274a29d42bb9cd6b9e00244eb2,0xdf99994ac6667bad05c63d7b580bf0db919e7b2c,1603173684,0.9999870262897101,14.530394581828986,8,7
0x91732035ee0d535d2721d04ba098fbbf715708b6,0xed87d39f45e0c1274a29d42bb9cd6b9e00244eb2,1602535606,0.9999068402240876,19.029849677009235,8,8
0x91732035ee0d535d2721d04ba098fbbf715708b6,0xed87d39f45e0c1274a29d42bb9cd6b9e00244eb2,1602890596,0.9999822951683492,18.981833581637158,8,8
0x91732035ee0d535d2721d04ba098fbbf715708b6,0xed87d39f45e0c1274a29d42bb9cd6b9e00244eb2,1603155233,0.9999870262897101,19.01869172052352,8,8
0x91732035ee0d535d2721d04ba098fbbf715708b6,0xed87d39f45e0c1274a29d42bb9cd6b9e00244eb2,1605823480,0.9971860470332231,19.827064820951282,8,8
0x2b49d9e82be5067dab0a5303bece724179b58a08,0x56cebafdd2dd7798c80021ce65a733fcc9a308b6,1600826284,0.9952421159799321,15.529359932383585,8,8
0x2b49d9e82be5067dab0a5303bece724179b58a08,0x56cebafdd2dd7798c80021ce65a733fcc9a308b6,1604858411,0.9990510171407156,30.61890640635987,8,8
0x2b49d9e82be5067dab0a5303bece724179b58a08,0x8df99e28fc0c7b5093a6b25b57a66c7d8631d248,1606228431,0.999963712372361,22.728842610162683,8,8
0x2b49d9e82be5067dab0a5303bece724179b58a08,0x8df99e28fc0c7b5093a6b25b57a66c7d8631d248,1606228876,0.9952719940755153,22.73427463446216,8,8
0x2b49d9e82be5067dab0a5303bece724179b58a08,0x8df99e28fc0c7b5093a6b25b57a66c7d8631d248,1609943041,0.9990510171407156,24.214722459439656,8,8
0x56cebafdd2dd7798c80021ce65a733fcc9a308b6,0x2b49d9e82be5067dab0a5303bece724179b58a08,1606093794,0.9952421159799321,30.319550130423544,8,7
0x56cebafdd2dd7798c80021ce65a733fcc9a308b6,0x2b49d9e82be5067dab0a5303bece724179b58a08,1609942552,0.9990510171407156,32.418724603674825,8,7
0x56cebafdd2dd7798c80021ce65a733fcc9a308b6,0x2b49d9e82be5067dab0a5303bece724179b58a08,1611453844,0.9999655078575465,16.036264122155924,8,7
0x944644ea989ec64c2ab9ef341d383cef586a5777,0x3fb146d3392fcc4ff7fcfe1b87fbac4b67645284,1605016256,0.9999691698632976,33.23005043948375,8,9
0x944644ea989ec64c2ab9ef341d383cef586a5777,0x3fb146d3392fcc4ff7fcfe1b87fbac4b67645284,1605025848,0.999999999274221,33.19114803107231,8,9
0x944644ea989ec64c2ab9ef341d383cef586a5777,0x79ce4c850c453123609685c91b9b1ce899a0fa3c,1606163855,0.9997778485263056,31.008088047234285,8,8
0x944644ea989ec64c2ab9ef341d383cef586a5777,0x79ce4c850c453123609685c91b9b1ce899a0fa3c,1606659097,0.9983668493914158,30.3063359990355,8,8
0x944644ea989ec64c2ab9ef341d383cef586a5777,0x79ce4c850c453123609685c91b9b1ce899a0fa3c,1606669215,0.9983091933102515,30.311887362144834,8,8
0x944644ea989ec64c2ab9ef341d383cef586a5777,0x006c054ac2d614674c9e5905e2931af0f1fd61d6,1606236879,0.999513732465892,22.213538275953294,8,8
0x944644ea989ec64c2ab9ef341d383cef586a5777,0x307a4212628302e0be95f91f7c1f5c136aaadb53,1606479175,0.9997138347199603,23.76598523065111,8,8
0x944644ea989ec64c2ab9ef341d383cef586a5777,0x674b05e01f53b6e7edabb79b94c82869fc4bed90,1606479175,0.9999999999999638,20.775497727508434,8,8
0x944644ea989ec64c2ab9ef341d383cef586a5777,0x6a1902bc0141cda8c7038439538785cfb8231080,1606664456,0.9881848897143809,32.537890696180504,8,8
0x944644ea989ec64c2ab9ef341d383cef586a5777,0x6a1902bc0141cda8c7038439538785cfb8231080,1606669265,0.9990026686557343,32.44155229645336,8,8
0x944644ea989ec64c2ab9ef341d383cef586a5777,0x16c5e6d217dd15225d1e45ae930f1c1066cffd38,1608276232,0.9999725880827746,26.447597069122878,8,8
0x944644ea989ec64c2ab9ef341d383cef586a5777,0xc4521828d9035cab7832408b40cd4493d4a02baa,1608372963,0.9998910180336217,26.759194669219173,8,8
0x944644ea989ec64c2ab9ef341d383cef586a5777,0x80466f4bac151bf8066fb20cd66582d34b9e8a26,1609069468,0.901111338742085,29.950889624163754,8,8
0x944644ea989ec64c2ab9ef341d383cef586a5777,0x2ef82618ba1cdacdc5332316c0f363d5e3b838e9,1609878515,0.9996590002424,32.75460817997977,8,8
0x9b6bfc6582aeef8591b15d8cef7422d85460d6c9,0x3ee9b4c7598a2ab4e6237734b2944e6914b02c1c,1600860849,0.999963712372361,15.33094300132847,8,7
0x9b6bfc6582aeef8591b15d8cef7422d85460d6c9,0x3ee9b4c7598a2ab4e6237734b2944e6914b02c1c,1600861149,0.9989164986979858,15.331622661413938,8,7
0x7565b9c674332512cb45c9c8df26323ab3b5bc66,0xf5001e16ebdd8d2df21ad1889b9db0c16bfc7b5f,1603682730,0.9759680885103533,24.40811372466986,8,7
0x7565b9c674332512cb45c9c8df26323ab3b5bc66,0xf5001e16ebdd8d2df21ad1889b9db0c16bfc7b5f,1604719683,0.9938986410484145,22.29043638901539,8,7
0x7565b9c674332512cb45c9c8df26323ab3b5bc66,0xf5001e16ebdd8d2df21ad1889b9db0c16bfc7b5f,1606005815,0.975089164177112,20.300585284332307,8,7
0x7565b9c674332512cb45c9c8df26323ab3b5bc66,0xf5001e16ebdd8d2df21ad1889b9db0c16bfc7b5f,1606005958,0.981799031129895,20.091261622321383,8,7
0x7565b9c674332512cb45c9c8df26323ab3b5bc66,0xf5001e16ebdd8d2df21ad1889b9db0c16bfc7b5f,1606050136,0.9462128004393057,21.149476774560785,8,7
0x7565b9c674332512cb45c9c8df26323ab3b5bc66,0xf5001e16ebdd8d2df21ad1889b9db0c16bfc7b5f,1608337655,0.9660438567164737,15.358592548492407,8,7
0x7565b9c674332512cb45c9c8df26323ab3b5bc66,0xf5001e16ebdd8d2df21ad1889b9db0c16bfc7b5f,1608347432,0.9736819805936133,15.067724937567142,8,7
0x332125e6ace5cae8f7db8aeb081ce0f56f29ffec,0xa2b0370846a4df507e2dc88160602a565ed8697b,1607169559,0.9999595725618998,21.390111402484095,8,8
0x610da2309e2c5e802b3a4500f8d39010a6d28289,0x151531a40053074b8a8478844ec6d45f21c2334a,1601392404,0.9990680949621786,40.14427618953373,8,9
0x610da2309e2c5e802b3a4500f8d39010a6d28289,0x151531a40053074b8a8478844ec6d45f21c2334a,1602077159,0.9968800795105411,39.16598783851637,8,9
0x610da2309e2c5e802b3a4500f8d39010a6d28289,0x151531a40053074b8a8478844ec6d45f21c2334a,1602532636,0.9965545032659076,38.85484098079243,8,9
0x610da2309e2c5e802b3a4500f8d39010a6d28289,0x471b14c9bb45c979e48cf8099528f010b24e451a,1606467656,0.9997740592597032,21.271346734236417,8,8
0x610da2309e2c5e802b3a4500f8d39010a6d28289,0x471b14c9bb45c979e48cf8099528f010b24e451a,1606759659,0.9999588226884101,21.34211448368504,8,8
0x610da2309e2c5e802b3a4500f8d39010a6d28289,0x471b14c9bb45c979e48cf8099528f010b24e451a,1609354462,0.9889926158660085,21.4914305676359,8,8
0x5a629bb2feb200696cff9bef6187abfeffaa1383,0xdace795986dc111621d0d4333f8805d602becccc,1601089473,0.9981916652637411,35.87188067926814,8,9
0x5a629bb2feb200696cff9bef6187abfeffaa1383,0xdace795986dc111621d0d4333f8805d602becccc,1604081275,0.9999224753803625,35.05949640692086,8,9
0x5a629bb2feb200696cff9bef6187abfeffaa1383,0x5a629bb2feb200696cff9bef6187abfeffaa1383,1603055518,0.9999817164271815,29.938028195796157,8,8
0x5a629bb2feb200696cff9bef6187abfeffaa1383,0xf197a6ffea8d6b7ff0048b90f92ec9afa84a587a,1610774573,0.999996371118721,18.311463839381048,8,8
0x5a629bb2feb200696cff9bef6187abfeffaa1383,0xf197a6ffea8d6b7ff0048b90f92ec9afa84a587a,1610774701,0.9979701686333654,18.312121919539045,8,8
0xdace795986dc111621d0d4333f8805d602becccc,0x5a629bb2feb200696cff9bef6187abfeffaa1383,1602214861,0.9999626264761486,35.54229730095213,8,9
0xdace795986dc111621d0d4333f8805d602becccc,0x5a629bb2feb200696cff9bef6187abfeffaa1383,1602886599,0.9999784478602588,35.266604222297055,8,9
0xdace795986dc111621d0d4333f8805d602becccc,0x5a629bb2feb200696cff9bef6187abfeffaa1383,1603475891,0.9999813972408288,35.153203059743674,8,9
0xdace795986dc111621d0d4333f8805d602becccc,0x5a629bb2feb200696cff9bef6187abfeffaa1383,1606882962,0.9999414253121238,36.34543569103573,8,9
0xdace795986dc111621d0d4333f8805d602becccc,0x5a629bb2feb200696cff9bef6187abfeffaa1383,1608000940,0.9999642016481983,36.50947849964928,8,9
0xdace795986dc111621d0d4333f8805d602becccc,0x5a629bb2feb200696cff9bef6187abfeffaa1383,1608315860,0.9999944834760576,36.49629053584244,8,9
0xdace795986dc111621d0d4333f8805d602becccc,0x5a629bb2feb200696cff9bef6187abfeffaa1383,1610774020,0.9980660528488579,35.66271621161858,8,9
0xa3d6c6204899bd25b2aebf0241538a5970c55a11,0x7a6ca33c73ca0714be5f1f3561b1acb9c93b5637,1610024700,0.9977479271848282,23.933530945104742,8,4
0xe681f1db64e3d2a8f471f7692d73c36733c7af21,0x49ae3533d6d5b047e3a178d355ac36836f0b91be,1601129393,0.9956724855254602,14.837591767037953,8,7
0xe681f1db64e3d2a8f471f7692d73c36733c7af21,0x475e6e8b414c417d17b204520a055f6a5e2cbf59,1601138487,0.9925330316185276,14.919120568437132,8,7
0xe681f1db64e3d2a8f471f7692d73c36733c7af21,0x475e6e8b414c417d17b204520a055f6a5e2cbf59,1606256929,0.9992830855316395,15.386043012918423,8,7
0xe681f1db64e3d2a8f471f7692d73c36733c7af21,0x475e6e8b414c417d17b204520a055f6a5e2cbf59,1606257367,1.0,15.385875103909418,8,7
0xe681f1db64e3d2a8f471f7692d73c36733c7af21,0x475e6e8b414c417d17b204520a055f6a5e2cbf59,1606258089,0.9963842268113776,15.386937440815863,8,7
0x8073224618ec62531c53478fe09ec637f6efcbeb,0x13b37598d132fe6c25263311d1aa2a41d79bcfc8,1601196499,0.9990280390257739,15.183524649567342,8,7
0x13b37598d132fe6c25263311d1aa2a41d79bcfc8,0x8073224618ec62531c53478fe09ec637f6efcbeb,1604842716,0.9999928222885734,14.903923337877483,8,7
0x13b37598d132fe6c25263311d1aa2a41d79bcfc8,0x8073224618ec62531c53478fe09ec637f6efcbeb,1605982010,0.9989972220505112,14.766262615724258,8,7
0x41b30824b09e385299357168cfb58cee1074af8d,0x11111254369792b2ca5d084ab5eea397ca8fa48b,1601342424,0.9999927422637794,15.484762055168188,8,8
0x7be82a1d390c98a742a73553be88f8cb62f3cf0d,0x28a356cc30a06010001382bb5601002d8ffc5ddd,1601966098,0.9994106521878839,19.311331253742594,8,8
0x7be82a1d390c98a742a73553be88f8cb62f3cf0d,0x28a356cc30a06010001382bb5601002d8ffc5ddd,1603059807,0.9999885865314514,17.223387870551313,8,8
0x50fd12158601b8f785d8afcc1a44658fe44d310e,0x3ee9b4c7598a2ab4e6237734b2944e6914b02c1c,1601343319,0.9996390553305325,23.180604914301906,8,8
0x50fd12158601b8f785d8afcc1a44658fe44d310e,0x3ee9b4c7598a2ab4e6237734b2944e6914b02c1c,1604968564,0.9999274273782103,22.204560318111678,8,8
0x50fd12158601b8f785d8afcc1a44658fe44d310e,0x3ee9b4c7598a2ab4e6237734b2944e6914b02c1c,1604968875,0.999406665123609,22.20511458289629,8,8
0x50fd12158601b8f785d8afcc1a44658fe44d310e,0x3ee9b4c7598a2ab4e6237734b2944e6914b02c1c,1604983092,0.999851237461223,22.201527321302752,8,8
0x50fd12158601b8f785d8afcc1a44658fe44d310e,0x3ee9b4c7598a2ab4e6237734b2944e6914b02c1c,1605671138,0.9999310557591264,22.287137533377823,8,8
0xc04f286bd11dc14804a917d6da2d459d7eb05dc4,0x09cc473b67696f31a8536d43c7cf4b32ade588c8,1612054411,0.9998809916203428,26.992875522754034,8,4
0x91dcc37bce585cf6504c030b976329d8fb67bf7b,0xb74c03c9c6c4cd8d993895910a6fd936f33a7037,1605143311,0.9999820403873084,27.474517480181966,8,8
0x91dcc37bce585cf6504c030b976329d8fb67bf7b,0xb74c03c9c6c4cd8d993895910a6fd936f33a7037,1607736825,0.9997220503640015,26.762739680777774,8,8
0x91dcc37bce585cf6504c030b976329d8fb67bf7b,0xb74c03c9c6c4cd8d993895910a6fd936f33a7037,1609032770,0.9998534494609065,26.50426158249026,8,8
0x91dcc37bce585cf6504c030b976329d8fb67bf7b,0xb74c03c9c6c4cd8d993895910a6fd936f33a7037,1609033276,0.9999999622865702,26.503918487060947,8,8
0x91dcc37bce585cf6504c030b976329d8fb67bf7b,0xb74c03c9c6c4cd8d993895910a6fd936f33a7037,1609190520,0.9999855370528915,26.451718640910254,8,8
0x088c618a09e5429a9a220264d6efe409792d638d,0x83bf49e2c392fff2c509e67b0519e1b993f29e55,1612686944,0.9966580750514124,20.718908395241776,8,10
0x088c618a09e5429a9a220264d6efe409792d638d,0x83bf49e2c392fff2c509e67b0519e1b993f29e55,1612687058,0.9999768548735282,20.6289975220017,8,10
0x3df7f4c6887c4e3ade159bc93b6732770d80cb2b,0x944644ea989ec64c2ab9ef341d383cef586a5777,1601556810,0.9890100862361274,28.215430387457207,8,8
0xdc66d761dff1a2fa84f0c53e578e59d571e0a568,0x331540a7325dc9cb4f2ac4e41bc8dbbf627fe461,1605813585,0.9999133349469395,30.12297936250646,8,8
0xdc66d761dff1a2fa84f0c53e578e59d571e0a568,0x331540a7325dc9cb4f2ac4e41bc8dbbf627fe461,1606854032,0.9999398943027364,29.94839590777141,8,8
0xdc66d761dff1a2fa84f0c53e578e59d571e0a568,0x331540a7325dc9cb4f2ac4e41bc8dbbf627fe461,1607669979,0.9999522060193682,30.06206212936776,8,8
0xdc66d761dff1a2fa84f0c53e578e59d571e0a568,0x331540a7325dc9cb4f2ac4e41bc8dbbf627fe461,1609185624,0.9999208711309611,30.573105389016327,8,8
0xdc66d761dff1a2fa84f0c53e578e59d571e0a568,0x331540a7325dc9cb4f2ac4e41bc8dbbf627fe461,1612324591,0.9997784037205353,15.359086870137949,8,8
0x92ea391a0627ea47c45d31bf9161f2e1e17449ca,0xdcd4d9cf799986c6eb376147a9b17e95423510e3,1607650864,0.9995814426021588,25.416118992778568,8,4
0x92ea391a0627ea47c45d31bf9161f2e1e17449ca,0xdcd4d9cf799986c6eb376147a9b17e95423510e3,1608735093,0.9996206832874389,25.443919215988803,8,4
0xdcd4d9cf799986c6eb376147a9b17e95423510e3,0x92ea391a0627ea47c45d31bf9161f2e1e17449ca,1607794444,0.9999246231635751,25.362085023246593,8,4
0xdcd4d9cf799986c6eb376147a9b17e95423510e3,0x92ea391a0627ea47c45d31bf9161f2e1e17449ca,1609119368,0.9999277167346906,25.58878531583444,8,4
0xa20a128e35096b6fd3e546ceb6b55530cf94a477,0xd873b15a3839b1917f0e4fc7f64ceb1e2e43b46b,1601621460,0.9988855575512181,19.57232806939123,8,8
0xa20a128e35096b6fd3e546ceb6b55530cf94a477,0xd873b15a3839b1917f0e4fc7f64ceb1e2e43b46b,1601624306,0.9995402110284858,19.571550385323835,8,8
0xd873b15a3839b1917f0e4fc7f64ceb1e2e43b46b,0xa20a128e35096b6fd3e546ceb6b55530cf94a477,1606191423,0.999954982384239,20.11658346609864,8,8
0xd873b15a3839b1917f0e4fc7f64ceb1e2e43b46b,0xa20a128e35096b6fd3e546ceb6b55530cf94a477,1608790433,0.9983470715390875,19.989049868477657,8,8
0x69295e9634627efb65c214f91241d482b9860a54,0x614217f5b46bc1d58f9fc2c84606b782c6878716,1601744936,0.9999128307954077,22.625535988615724,8,8
0x69295e9634627efb65c214f91241d482b9860a54,0x614217f5b46bc1d58f9fc2c84606b782c6878716,1605994103,0.999996361565703,20.975744877642096,8,8
0x512cacc7baf6fa5cb6b6bae000de0deeb1b0e694,0xbff35fbc19ff05bf9740a2f0adab75b6e7a3c55d,1603683556,0.9996990507715394,27.34207615144279,8,8
0x512cacc7baf6fa5cb6b6bae000de0deeb1b0e694,0xbff35fbc19ff05bf9740a2f0adab75b6e7a3c55d,1604628369,0.9998271091647255,27.78405900165807,8,8
0x512cacc7baf6fa5cb6b6bae000de0deeb1b0e694,0xbff35fbc19ff05bf9740a2f0adab75b6e7a3c55d,1607259369,0.9892381178558607,29.226433930515014,8,8
0x6687581381bb73d2ab8f3a6b2ccffe89033366f0,0x6ec2350c161cba43275cda268f45b53326a6292a,1607294545,0.9999482235720627,16.953332820021835,8,7
0x6687581381bb73d2ab8f3a6b2ccffe89033366f0,0x6ec2350c161cba43275cda268f45b53326a6292a,1607805088,0.9999826153818028,17.77387157625541,8,7
0x6687581381bb73d2ab8f3a6b2ccffe89033366f0,0x6ec2350c161cba43275cda268f45b53326a6292a,1611103760,0.9998786636395763,19.05361388839358,8,7
0xa37546609a7427d856c60a3e97cdb6b37da5a804,0x913bbb4c71da6e88f90bf7e53e6b1310d75d306e,1603981075,0.995809173251575,27.152387962023845,8,8
0x28a356cc30a06010001382bb5601002d8ffc5ddd,0x7be82a1d390c98a742a73553be88f8cb62f3cf0d,1603059050,0.999988586495834,17.22507202608552,8,4
0x124ac1bbad35dee1cd977c4942550c4bada03710,0xc9dce1c3f8c37bc5df488515d9c2b7491b02400c,1602004304,0.9980274105521448,17.660185484077964,8,8
0xc9dce1c3f8c37bc5df488515d9c2b7491b02400c,0x124ac1bbad35dee1cd977c4942550c4bada03710,1602952472,0.9999797474621707,17.677087486796875,8,8
0xc9dce1c3f8c37bc5df488515d9c2b7491b02400c,0x124ac1bbad35dee1cd977c4942550c4bada03710,1604421132,0.999999626913042,17.77079376213196,8,8
0xc9dce1c3f8c37bc5df488515d9c2b7491b02400c,0x124ac1bbad35dee1cd977c4942550c4bada03710,1605559876,0.9980146593947501,17.995678466753446,8,8
0xc677bce06510f268267179ec7c06e6d801fa2d5d,0x4e2f73102dc06c8e32b3a3318d18fa64cf42ca69,1609832837,0.9998610940100422,18.0145880458348,8,3
0xdf277cd5660f1406f26cf3ab4034e06c9260bc20,0x41623d329fa4998e2315f22c150553727946f0f6,1602228498,0.9996194738277072,32.897978377191684,8,8
0xdf277cd5660f1406f26cf3ab4034e06c9260bc20,0x41623d329fa4998e2315f22c150553727946f0f6,1602393041,0.9993276553208684,32.740916406863434,8,8
0xdf277cd5660f1406f26cf3ab4034e06c9260bc20,0x908aa860ebd4073cd371c87ed14d02e142a44089,1603606201,0.9999767747338354,24.343049128960114,8,8
0xdf277cd5660f1406f26cf3ab4034e06c9260bc20,0x908aa860ebd4073cd371c87ed14d02e142a44089,1604602400,0.9999822612373747,23.987588648532977,8,8
0xdf277cd5660f1406f26cf3ab4034e06c9260bc20,0x908aa860ebd4073cd371c87ed14d02e142a44089,1606592921,0.9990257363426776,22.601705785187956,8,8
0xdf277cd5660f1406f26cf3ab4034e06c9260bc20,0x908aa860ebd4073cd371c87ed14d02e142a44089,1608366602,0.9993057672809587,23.587041654271555,8,8
0x41623d329fa4998e2315f22c150553727946f0f6,0xdf277cd5660f1406f26cf3ab4034e06c9260bc20,1602266042,0.9999998211851728,32.853520226744024,8,8
0x41623d329fa4998e2315f22c150553727946f0f6,0xdf277cd5660f1406f26cf3ab4034e06c9260bc20,1603605989,0.9999770061569638,31.975444975893794,8,8
0x41623d329fa4998e2315f22c150553727946f0f6,0xdf277cd5660f1406f26cf3ab4034e06c9260bc20,1604601671,0.9999822612373747,31.456876507644115,8,8
0x41623d329fa4998e2315f22c150553727946f0f6,0xdf277cd5660f1406f26cf3ab4034e06c9260bc20,1607194939,0.9989475642750696,30.540724328052683,8,8
0xbfae13b56d75626a80d6fa340509c3aba4c2632f,0x6d11ec057dc81f0dd759fe7403908111c0f894f6,1607086972,0.9995600921721106,17.159235566499497,8,4
0x152b8c153e4f18bfe1cb3f2eaa563813c758e279,0x11111254369792b2ca5d084ab5eea397ca8fa48b,1602513166,0.9998327618858134,18.196557821390908,8,8
0x1a70e159e5617cdc78c276c969ac68139d28db68,0xa152c6cf5adb9b4e03a2e43e3a319b3a0d770952,1604464257,1.0,22.86512334528244,8,8
0x1a70e159e5617cdc78c276c969ac68139d28db68,0xa152c6cf5adb9b4e03a2e43e3a319b3a0d770952,1604464322,0.9997331307382271,22.867384638616276,8,8
0x1a70e159e5617cdc78c276c969ac68139d28db68,0xa152c6cf5adb9b4e03a2e43e3a319b3a0d770952,1607344986,0.9996402554428709,37.5829540833617,8,8
0x1a70e159e5617cdc78c276c969ac68139d28db68,0xa152c6cf5adb9b4e03a2e43e3a319b3a0d770952,1608344913,0.9998030910755475,37.689329101872325,8,8
0x1a70e159e5617cdc78c276c969ac68139d28db68,0xa152c6cf5adb9b4e03a2e43e3a319b3a0d770952,1610980122,0.9962426828060185,37.90197330534201,8,8
0x1a70e159e5617cdc78c276c969ac68139d28db68,0xa152c6cf5adb9b4e03a2e43e3a319b3a0d770952,1611121013,0.9995920204426589,37.917795805861616,8,8
0x7a52407fc5af3f3cb1888d9893ab2dc55e287576,0x5a73fae3fa13a945e73997f1b641c5d4b63c1a0c,1602820702,0.9967446270612208,34.27386271463934,8,9
0x4baf90033f7875b6fda803ad223ec9bb03e3bb8e,0x1d4f1e47d424b3e59d8159973e302dd3f91abeda,1603658793,0.9998792576743751,27.19740117652114,8,8
0x4baf90033f7875b6fda803ad223ec9bb03e3bb8e,0x1d4f1e47d424b3e59d8159973e302dd3f91abeda,1604694029,0.999976493779115,25.65747773799201,8,8
0x4baf90033f7875b6fda803ad223ec9bb03e3bb8e,0x1d4f1e47d424b3e59d8159973e302dd3f91abeda,1606219223,0.9999614281040257,27.891555310321262,8,8
0x4baf90033f7875b6fda803ad223ec9bb03e3bb8e,0x1d4f1e47d424b3e59d8159973e302dd3f91abeda,1607625378,0.9999922942378404,30.375735603703202,8,8
0x4baf90033f7875b6fda803ad223ec9bb03e3bb8e,0x1d4f1e47d424b3e59d8159973e302dd3f91abeda,1608064456,0.9990339873308149,30.999837788308795,8,8
0x042bc94f6dfe7a383b0347b73aa84552c5588790,0x31430500f19638f477db13ad3798b9c753c0d98f,1602911567,0.999963712372361,16.6197078479925,8,8
0x31430500f19638f477db13ad3798b9c753c0d98f,0x042bc94f6dfe7a383b0347b73aa84552c5588790,1603487511,0.9999999668566277,16.668962745204542,8,8
0x31430500f19638f477db13ad3798b9c753c0d98f,0x042bc94f6dfe7a383b0347b73aa84552c5588790,1605615331,0.999963712372361,17.423496461481914,8,8
0xc7772aa25dc06f09752588138adb7ccdcdb7e511,0xaf2898a6d23a7f2a2a4f7d8e42523a2fec76c979,1603321875,0.9991719773380158,22.79373629804281,8,8
0x9df729af5311f2c2d86062bbac0760f95045ff68,0x5a92207d896c642686447a70f7cf998a87365a14,1610572274,0.9994054559620394,26.61996800189011,8,4
0x78577310f2e6bc94989d0899ad00cc016e4d6050,0xe5d4fe407ee0967ef6d9cbf649555fec9748ec97,1603034400,0.9975726332872636,15.462052965707693,8,8
0x78577310f2e6bc94989d0899ad00cc016e4d6050,0x2581112c31130128c36da43c1f14e30387fe362e,1608371289,0.9974635075900066,14.530684280032503,8,7
0xe5d4fe407ee0967ef6d9cbf649555fec9748ec97,0x78577310f2e6bc94989d0899ad00cc016e4d6050,1608369920,0.9975726332872636,16.132320709631557,8,8
0xe5d4fe407ee0967ef6d9cbf649555fec9748ec97,0x78577310f2e6bc94989d0899ad00cc016e4d6050,1608370317,0.999890342620558,16.131381487424232,8,8
0xaf97ecee6313119e6789d331eae7d3e3ac3cb6b0,0x806db1e2736350bf40654fde7644050ee1197d8c,1603045284,0.9999315345342268,21.36687933453506,8,9
0xaf97ecee6313119e6789d331eae7d3e3ac3cb6b0,0x806db1e2736350bf40654fde7644050ee1197d8c,1603045619,0.9998763279430221,21.367295707724725,8,9
0xaf97ecee6313119e6789d331eae7d3e3ac3cb6b0,0x02764b55e0a4dd4a55caddc412f9caf7b26ce495,1611748091,0.9998783459493417,23.415064285389562,8,8
0xaf97ecee6313119e6789d331eae7d3e3ac3cb6b0,0x02764b55e0a4dd4a55caddc412f9caf7b26ce495,1612174970,0.9998024734964552,23.564782340905005,8,8
0x0fb80a82a809a31cb0d59e97d0dc5ce340acedb9,0x62f151e1edd05f53a90f80af07dce175189c9e22,1603070578,0.9999460209513032,19.153429137600387,8,8
0x0fb80a82a809a31cb0d59e97d0dc5ce340acedb9,0x62f151e1edd05f53a90f80af07dce175189c9e22,1603071046,0.9980246412142866,19.155945787569983,8,8
0x0fb80a82a809a31cb0d59e97d0dc5ce340acedb9,0x62f151e1edd05f53a90f80af07dce175189c9e22,1603073481,0.9998326447862728,19.15315845888015,8,8
0x62f151e1edd05f53a90f80af07dce175189c9e22,0x0fb80a82a809a31cb0d59e97d0dc5ce340acedb9,1605113148,0.9999238899969076,20.193807438452836,8,8
0x85560a5b03e824f481c939095971f3630d93bc53,0x9f20ee5b0bc03e0f008910c79af89c02c4c5c974,1603103210,0.9947340458519205,17.643011246899952,8,8
0x9f20ee5b0bc03e0f008910c79af89c02c4c5c974,0x85560a5b03e824f481c939095971f3630d93bc53,1606205268,0.9999274682261504,18.383130724724406,8,8
0x9f20ee5b0bc03e0f008910c79af89c02c4c5c974,0x85560a5b03e824f481c939095971f3630d93bc53,1612318184,0.9945293241338243,19.673099091830775,8,8
0x168f956598fb9028ddb26b533d9afa254160a615,0x6940c63ba08db7f98330986ae3624aa15978ebbb,1608494608,0.9980663354062904,32.06632386344334,8,4
0x43e3bba2305e0a8881d1a341a185444aa88087e1,0x10285c0ec1b0365d0baff7521f1ce93f4e040d5b,1607804922,0.9999669781510029,15.827630494101589,8,8
0x43e3bba2305e0a8881d1a341a185444aa88087e1,0x10285c0ec1b0365d0baff7521f1ce93f4e040d5b,1608838365,0.9999165423934523,15.8558136739374,8,8
0x43e3bba2305e0a8881d1a341a185444aa88087e1,0x10285c0ec1b0365d0baff7521f1ce93f4e040d5b,1611177852,0.9999020294490768,16.402302923624273,8,8
0x0c9dac89e27d6a7b6e93d2910a7200c5913d09bb,0xbbcf29b1ffd1f78352f154d7aae55a34640ac604,1603149256,0.9991722092028581,20.34342271857521,8,8
0xbbcf29b1ffd1f78352f154d7aae55a34640ac604,0x0c9dac89e27d6a7b6e93d2910a7200c5913d09bb,1604985521,0.9999741884882897,20.62199315335867,8,8
0xbbcf29b1ffd1f78352f154d7aae55a34640ac604,0x0c9dac89e27d6a7b6e93d2910a7200c5913d09bb,1605830021,0.9999885780180511,20.71590720056763,8,8
0xbbcf29b1ffd1f78352f154d7aae55a34640ac604,0x0c9dac89e27d6a7b6e93d2910a7200c5913d09bb,1606088608,0.9999965375533058,20.738706547464478,8,8
0xbbcf29b1ffd1f78352f154d7aae55a34640ac604,0x0c9dac89e27d6a7b6e93d2910a7200c5913d09bb,1609715044,0.9999669609794052,20.725594188016135,8,8
0xbbcf29b1ffd1f78352f154d7aae55a34640ac604,0x0c9dac89e27d6a7b6e93d2910a7200c5913d09bb,1611124230,0.9991722092028581,20.593347498722405,8,8
0x7ef29c76fbd94bed6514e98b82d57a01153e1bdc,0x7444fd261e3d3f183452950b234a68317c86bdbc,1603183743,0.9998766328101137,14.96067523692532,8,7
0x7ef29c76fbd94bed6514e98b82d57a01153e1bdc,0x7444fd261e3d3f183452950b234a68317c86bdbc,1604095094,0.9998185881938213,14.859342778058847,8,7
0x10285c0ec1b0365d0baff7521f1ce93f4e040d5b,0x43e3bba2305e0a8881d1a341a185444aa88087e1,1608836165,0.9999935624960565,15.855350241419377,8,8
0x7444fd261e3d3f183452950b234a68317c86bdbc,0x724a98baae0f84f94e5fc6a451af569120a7d5a7,1603192279,0.9998313696744627,19.76167951179966,8,8
0x7444fd261e3d3f183452950b234a68317c86bdbc,0x724a98baae0f84f94e5fc6a451af569120a7d5a7,1604095633,0.9998161274812926,19.622104696330403,8,8
0x7444fd261e3d3f183452950b234a68317c86bdbc,0x7ef29c76fbd94bed6514e98b82d57a01153e1bdc,1605587147,0.999991491646696,14.985197728366249,8,7
0x31b55b4456e0c70243e7e7da43231ebbc3c75b36,0x0b3abf8391fabe5f3d504c83363185354e2ae37a,1605100772,0.9999732485464751,37.360297741786354,8,8
0x31b55b4456e0c70243e7e7da43231ebbc3c75b36,0x0b3abf8391fabe5f3d504c83363185354e2ae37a,1605971517,0.9999908400053814,35.06768154768388,8,8
0x31b55b4456e0c70243e7e7da43231ebbc3c75b36,0x0b3abf8391fabe5f3d504c83363185354e2ae37a,1607762338,0.9962878673022825,32.698339946076885,8,8
0x31b55b4456e0c70243e7e7da43231ebbc3c75b36,0x0b3abf8391fabe5f3d504c83363185354e2ae37a,1607762986,0.998562516053928,32.6833708326624,8,8
0x31b55b4456e0c70243e7e7da43231ebbc3c75b36,0x0b3abf8391fabe5f3d504c83363185354e2ae37a,1608415559,0.9982187209928405,31.87762589183743,8,8
0x31b55b4456e0c70243e7e7da43231ebbc3c75b36,0x0b3abf8391fabe5f3d504c83363185354e2ae37a,1608498607,0.9998154004684942,31.919451864973123,8,8
0x724a98baae0f84f94e5fc6a451af569120a7d5a7,0x7444fd261e3d3f183452950b234a68317c86bdbc,1604039839,0.9999975383944247,19.63211100631736,8,8
0x724a98baae0f84f94e5fc6a451af569120a7d5a7,0x7444fd261e3d3f183452950b234a68317c86bdbc,1605523334,0.999991491646696,19.70551979474008,8,8
0x724a98baae0f84f94e5fc6a451af569120a7d5a7,0x7444fd261e3d3f183452950b234a68317c86bdbc,1608185264,0.9996475591577927,20.161236244383414,8,8
0xa0462398951f47d32984bd03f5a1ae6212de5173,0x81898a8806de1e46083c49b6474bc29590cbea05,1603538644,0.999996371118721,23.11320361877685,8,8
0xa0462398951f47d32984bd03f5a1ae6212de5173,0x81898a8806de1e46083c49b6474bc29590cbea05,1603538715,0.9959827190335148,23.11881056632908,8,8
0x48b3c48065698e83339bdf56f9237494f2f29b97,0x0705fa410b37d28ca79d36a7af31ad55cf9e7c7c,1603198684,0.9963309241230961,15.24277283629521,8,7
0x0705fa410b37d28ca79d36a7af31ad55cf9e7c7c,0x48b3c48065698e83339bdf56f9237494f2f29b97,1606001972,0.9998684840469522,16.205997935682554,8,8
0x0705fa410b37d28ca79d36a7af31ad55cf9e7c7c,0x48b3c48065698e83339bdf56f9237494f2f29b97,1609023373,0.9963019484019042,16.729626168462904,8,8
0x14f02a817c69bed67d6ebf05f0440107fb3f0568,0xdec8acd4085684e0f3071c6e9b0bce7951bef8d1,1606948881,1.0,38.08985036138965,8,9
0x14f02a817c69bed67d6ebf05f0440107fb3f0568,0xdec8acd4085684e0f3071c6e9b0bce7951bef8d1,1606949310,0.9999083484603267,38.090599875187536,8,9
0x14f02a817c69bed67d6ebf05f0440107fb3f0568,0xdec8acd4085684e0f3071c6e9b0bce7951bef8d1,1608159240,1.0,39.22684705456979,8,9
0x14f02a817c69bed67d6ebf05f0440107fb3f0568,0xdec8acd4085684e0f3071c6e9b0bce7951bef8d1,1608161146,0.9993486061341269,39.2316394341622,8,9
0xd416f895a5e45891910537968fc68a677fe72489,0x5206f4e81d097516d2afa9ed1c04a0e28054587c,1603261280,0.9966300888340184,24.460513115735168,8,8
0xd416f895a5e45891910537968fc68a677fe72489,0x5206f4e81d097516d2afa9ed1c04a0e28054587c,1604071146,0.9978273938263658,16.457265994773326,8,8
0xd416f895a5e45891910537968fc68a677fe72489,0x5206f4e81d097516d2afa9ed1c04a0e28054587c,1605958826,0.9999589280886589,19.20771093109934,8,8
0xb1d05946f78e0762898d78a6e6ea5994a3ee9ee6,0xb009b2943ffcdd60d5c613bdc523c2940146e683,1603990538,0.9999657317798064,21.812253526041385,8,8
0xb1d05946f78e0762898d78a6e6ea5994a3ee9ee6,0xb009b2943ffcdd60d5c613bdc523c2940146e683,1604153562,0.9999580811454617,21.674327146305718,8,8
0xb1d05946f78e0762898d78a6e6ea5994a3ee9ee6,0xb009b2943ffcdd60d5c613bdc523c2940146e683,1604224837,0.9999550084165721,21.612255373229647,8,8
0xb1d05946f78e0762898d78a6e6ea5994a3ee9ee6,0xb009b2943ffcdd60d5c613bdc523c2940146e683,1604386751,0.999954056044945,21.467298555681285,8,8
0xb1d05946f78e0762898d78a6e6ea5994a3ee9ee6,0x716fdd6a7da5194a2241fc9f3bbdb9283cce2a7b,1605027201,0.9999455695461175,15.566560547297886,8,8
0x1aadbe46d1a33008de83b8aa5e139a12d5c581bc,0x4cc75a06ecd0b15ef17be6904d6c9abb765fca1f,1605717825,0.9999235967189758,19.302948341390362,8,8
0x1aadbe46d1a33008de83b8aa5e139a12d5c581bc,0x4cc75a06ecd0b15ef17be6904d6c9abb765fca1f,1606125470,0.9999341864270777,19.210324785752377,8,8
0x95efabbf779fbfba339d2e76cdb8b1bb32ce6507,0x9a088ed10b3d86043cae64040ef64f401705c3dd,1608587136,0.9991623376212401,15.432656325837797,8,7
0x95efabbf779fbfba339d2e76cdb8b1bb32ce6507,0x9a088ed10b3d86043cae64040ef64f401705c3dd,1608587199,0.9999015627861443,15.428010418830592,8,7
0xaf2898a6d23a7f2a2a4f7d8e42523a2fec76c979,0x2274e2ddf16234ddbcc495cbe2be1da3bbdbe982,1606007638,0.999914728252366,29.22574733008626,8,9
0xaf2898a6d23a7f2a2a4f7d8e42523a2fec76c979,0x2274e2ddf16234ddbcc495cbe2be1da3bbdbe982,1607201930,0.9998336410565543,35.419213915409756,8,9
0xaf2898a6d23a7f2a2a4f7d8e42523a2fec76c979,0x2274e2ddf16234ddbcc495cbe2be1da3bbdbe982,1608071486,0.99989287759095,39.49440282819683,8,9
0x0fc0f265fc9ee50045e282dc4f39cc93d7b5b1ec,0xa20b173630a1bcf1864bba73fde542eff26de27a,1608683235,0.9998815681740949,17.30829825802377,8,4
0x1a42859744b5f2adc1407f611d1d335fe777a047,0xfa977561c213b121315d0f3676e4c4847031aca7,1613547538,0.9999354200688367,16.953554048585485,8,6
0x0c1f015fbc62f796aad19cb6983c68d614b0d770,0xcebe8301871bf14dca6cef77c1d664da46da5d49,1610966889,0.9999669113703739,22.83925693675172,8,8
0x0c1f015fbc62f796aad19cb6983c68d614b0d770,0xcebe8301871bf14dca6cef77c1d664da46da5d49,1613422772,0.9984424482750764,22.841009422363076,8,8
0x81898a8806de1e46083c49b6474bc29590cbea05,0xa0462398951f47d32984bd03f5a1ae6212de5173,1606067263,0.9999108204398064,23.931717382595735,8,8
0x81898a8806de1e46083c49b6474bc29590cbea05,0xa0462398951f47d32984bd03f5a1ae6212de5173,1609068041,0.9958972691958313,24.681189148810144,8,8
0x5d6c63baff1391a0a5c14aeb03c88a93b07ed1a5,0x25c1cfb5cf460646a39ffe03183d76e1c7859c7a,1603568243,0.9995890152369789,29.987017757215963,8,8
0x5d6c63baff1391a0a5c14aeb03c88a93b07ed1a5,0x25c1cfb5cf460646a39ffe03183d76e1c7859c7a,1603991895,0.9999565640202253,29.87466129563737,8,8
0x5d6c63baff1391a0a5c14aeb03c88a93b07ed1a5,0x6815e469789b31504a2fbc6ca6a979d3a360057c,1612429794,0.9999467318264186,18.341898809741764,8,8
0x5d6c63baff1391a0a5c14aeb03c88a93b07ed1a5,0x6815e469789b31504a2fbc6ca6a979d3a360057c,1612889079,0.9995458687440245,18.441683464019054,8,8
0x25c1cfb5cf460646a39ffe03183d76e1c7859c7a,0x5d6c63baff1391a0a5c14aeb03c88a93b07ed1a5,1605523152,0.9999854542321814,29.913505501739586,8,8
0x25c1cfb5cf460646a39ffe03183d76e1c7859c7a,0x5d6c63baff1391a0a5c14aeb03c88a93b07ed1a5,1608641573,0.999976742634571,29.978291760145588,8,8
0x25c1cfb5cf460646a39ffe03183d76e1c7859c7a,0x5d6c63baff1391a0a5c14aeb03c88a93b07ed1a5,1610032487,0.9999893912197236,29.90084691432235,8,8
0x25c1cfb5cf460646a39ffe03183d76e1c7859c7a,0x5d6c63baff1391a0a5c14aeb03c88a93b07ed1a5,1612429154,0.9999975748744594,29.962953430534153,8,8
0x25c1cfb5cf460646a39ffe03183d76e1c7859c7a,0x5d6c63baff1391a0a5c14aeb03c88a93b07ed1a5,1612888733,0.9995456149521446,30.080399314239546,8,8
0x096a1f66828539858aa51e538728a956fee2c094,0x9c9a048a94739fe591585f9e7c378d80476eb4dc,1603603873,0.9975992931504838,28.091896951369698,8,8
0x096a1f66828539858aa51e538728a956fee2c094,0x9c9a048a94739fe591585f9e7c378d80476eb4dc,1603606957,0.9997049951550538,28.08457859055789,8,8
0x096a1f66828539858aa51e538728a956fee2c094,0x990cde63eacd73faa2fa4c6e13fab18d798c22fc,1604192946,0.9999729228180437,19.309685271804103,8,8
0x096a1f66828539858aa51e538728a956fee2c094,0x990cde63eacd73faa2fa4c6e13fab18d798c22fc,1604742348,0.9999880618009741,19.475227076304385,8,8
0x096a1f66828539858aa51e538728a956fee2c094,0x990cde63eacd73faa2fa4c6e13fab18d798c22fc,1607352218,0.9972930249030267,19.63473165018754,8,8
0x9c9a048a94739fe591585f9e7c378d80476eb4dc,0x096a1f66828539858aa51e538728a956fee2c094,1604192735,0.9999729228180437,27.875567784856834,8,8
0x9c9a048a94739fe591585f9e7c378d80476eb4dc,0x096a1f66828539858aa51e538728a956fee2c094,1604738167,0.9999880618009741,27.96566088319921,8,8
0x9c9a048a94739fe591585f9e7c378d80476eb4dc,0x096a1f66828539858aa51e538728a956fee2c094,1607351973,0.9972930249030267,29.15839150164382,8,8
0x9c9a048a94739fe591585f9e7c378d80476eb4dc,0x096a1f66828539858aa51e538728a956fee2c094,1607777888,0.9999770713237638,29.433873375019434,8,8
0x9ee7c67f895145e1a55b6e17ea23a15e86e3057e,0xf26e7a5d1fe406db34b7df59b7194a0da8514023,1603683286,0.9999416413480836,19.3478202494912,8,8
0x9ee7c67f895145e1a55b6e17ea23a15e86e3057e,0xf26e7a5d1fe406db34b7df59b7194a0da8514023,1609239222,0.9996470432479897,35.97099136913221,8,8
0xe42f2530765d2a93aec6bdd400d69257d6258680,0xe0a2950d2fa80c3f3df33d585d6c091e6498f339,1603682589,0.9856921095060122,21.33861967103674,8,8
0xe42f2530765d2a93aec6bdd400d69257d6258680,0xe0a2950d2fa80c3f3df33d585d6c091e6498f339,1603682712,0.9908590720625811,21.326975449376665,8,8
0xe42f2530765d2a93aec6bdd400d69257d6258680,0xe0a2950d2fa80c3f3df33d585d6c091e6498f339,1603947120,0.9927945070509713,21.2182218373742,8,8
0xb7f5f4ac74fb1481efa5a2184b8ea5ac762494fb,0x75bff27e0dad0ae2248f4494150e3ddbf6e63be1,1608347281,0.9886535174229016,28.366416892731987,8,8
0xb7f5f4ac74fb1481efa5a2184b8ea5ac762494fb,0x75bff27e0dad0ae2248f4494150e3ddbf6e63be1,1612364231,0.9911034880437182,26.054371694680242,8,8
0xb7f5f4ac74fb1481efa5a2184b8ea5ac762494fb,0x75bff27e0dad0ae2248f4494150e3ddbf6e63be1,1612398645,0.9909702538831017,26.035353679151,8,8
0xb7f5f4ac74fb1481efa5a2184b8ea5ac762494fb,0x75bff27e0dad0ae2248f4494150e3ddbf6e63be1,1612399763,0.9922202389905158,26.032391888076614,8,8
0xb7f5f4ac74fb1481efa5a2184b8ea5ac762494fb,0x75bff27e0dad0ae2248f4494150e3ddbf6e63be1,1612407054,0.9917767932518615,26.034165680964417,8,8
0xb7f5f4ac74fb1481efa5a2184b8ea5ac762494fb,0x75bff27e0dad0ae2248f4494150e3ddbf6e63be1,1612570016,0.9905515602370976,26.12012566452748,8,8
0x35da3d2f891ba64e6fc625a1ff2b1074c41f5559,0x40e5ebf13a622db7f0f3a00737906c39decaab04,1608371218,0.970636926708704,15.804120889075833,8,4
0x35da3d2f891ba64e6fc625a1ff2b1074c41f5559,0x27e31d277072a340d5c6e4fe2425c53ffcaf84b1,1612364298,0.9825815990197317,33.11241631583445,8,8
0x35da3d2f891ba64e6fc625a1ff2b1074c41f5559,0x27e31d277072a340d5c6e4fe2425c53ffcaf84b1,1612364405,0.9837157167837993,33.08022751609278,8,8
0x35da3d2f891ba64e6fc625a1ff2b1074c41f5559,0x27e31d277072a340d5c6e4fe2425c53ffcaf84b1,1612742635,0.9907515303922179,26.685487015927556,8,8
0xf26e7a5d1fe406db34b7df59b7194a0da8514023,0x9ee7c67f895145e1a55b6e17ea23a15e86e3057e,1607758626,0.9998904830549623,35.59546690969208,8,9
0xf26e7a5d1fe406db34b7df59b7194a0da8514023,0x9ee7c67f895145e1a55b6e17ea23a15e86e3057e,1607810490,0.9999925983326929,35.61166361482618,8,9
0xf26e7a5d1fe406db34b7df59b7194a0da8514023,0x9ee7c67f895145e1a55b6e17ea23a15e86e3057e,1608981345,0.9999274726930452,35.937923535099316,8,9
0xf26e7a5d1fe406db34b7df59b7194a0da8514023,0x9ee7c67f895145e1a55b6e17ea23a15e86e3057e,1609180187,0.9999899114442753,35.964390978986714,8,9
0xf26e7a5d1fe406db34b7df59b7194a0da8514023,0x9ee7c67f895145e1a55b6e17ea23a15e86e3057e,1614340871,0.9996398439833968,15.113385625086542,8,9
0xf26e7a5d1fe406db34b7df59b7194a0da8514023,0x9ee7c67f895145e1a55b6e17ea23a15e86e3057e,1614341049,0.999982586602314,15.10944316943278,8,9
0xf26e7a5d1fe406db34b7df59b7194a0da8514023,0x9ee7c67f895145e1a55b6e17ea23a15e86e3057e,1614341795,0.9998273575775972,15.11113508247943,8,9
0x514895dc51cff1a8e965f502f3148eb8fabb95ed,0x51fab80a5296672dac1bb18e378d8dd81ed80d9a,1605255685,0.9999336450670502,30.031507243397392,8,8
0x514895dc51cff1a8e965f502f3148eb8fabb95ed,0x51fab80a5296672dac1bb18e378d8dd81ed80d9a,1605500661,0.9999825785377215,23.474714826671576,8,8
0x514895dc51cff1a8e965f502f3148eb8fabb95ed,0x51fab80a5296672dac1bb18e378d8dd81ed80d9a,1605793694,0.9999792534370013,15.968158457894328,8,8
0x514895dc51cff1a8e965f502f3148eb8fabb95ed,0x51fab80a5296672dac1bb18e378d8dd81ed80d9a,1606325634,0.9999114700219811,15.065659451727596,8,8
0x514895dc51cff1a8e965f502f3148eb8fabb95ed,0x51fab80a5296672dac1bb18e378d8dd81ed80d9a,1606429341,0.9998959167497823,16.49519278056698,8,8
0x514895dc51cff1a8e965f502f3148eb8fabb95ed,0x51fab80a5296672dac1bb18e378d8dd81ed80d9a,1606468265,0.9999603453812054,17.102907347571836,8,8
0x514895dc51cff1a8e965f502f3148eb8fabb95ed,0x51fab80a5296672dac1bb18e378d8dd81ed80d9a,1606517139,0.9999560252070139,17.971528540502582,8,8
0x514895dc51cff1a8e965f502f3148eb8fabb95ed,0x51fab80a5296672dac1bb18e378d8dd81ed80d9a,1606520359,0.9999979323715954,18.03112008927028,8,8
0x514895dc51cff1a8e965f502f3148eb8fabb95ed,0x51fab80a5296672dac1bb18e378d8dd81ed80d9a,1606522326,0.999999011262478,18.077698259107223,8,8
0x514895dc51cff1a8e965f502f3148eb8fabb95ed,0x51fab80a5296672dac1bb18e378d8dd81ed80d9a,1606547859,0.9999909665908473,18.753944994849864,8,8
0x514895dc51cff1a8e965f502f3148eb8fabb95ed,0x51fab80a5296672dac1bb18e378d8dd81ed80d9a,1606562412,0.999997458938241,19.16922419906009,8,8
0x514895dc51cff1a8e965f502f3148eb8fabb95ed,0x51fab80a5296672dac1bb18e378d8dd81ed80d9a,1606626952,0.9999731978200846,21.150891996223084,8,8
0x514895dc51cff1a8e965f502f3148eb8fabb95ed,0x51fab80a5296672dac1bb18e378d8dd81ed80d9a,1606963831,0.9999902497274532,31.95966728755002,8,8
0x00443e7a6b6263049f6e1717f2fe16359ab4ab81,0x01d6a59aee096aacc84ac0d8b4e84721f35055f7,1605613075,0.9981888166400854,25.050128255306756,8,8
0x00443e7a6b6263049f6e1717f2fe16359ab4ab81,0x01d6a59aee096aacc84ac0d8b4e84721f35055f7,1609666578,0.8531513318265034,31.578824889945782,8,8
0x00443e7a6b6263049f6e1717f2fe16359ab4ab81,0xbcacfdc8fb2858b1cd79ad6746edcc3a0b73d636,1606910347,0.9992565166475917,32.00403580030363,8,9
0x00443e7a6b6263049f6e1717f2fe16359ab4ab81,0xbcacfdc8fb2858b1cd79ad6746edcc3a0b73d636,1607044277,0.9996108509404076,32.18753804076353,8,9
0x00443e7a6b6263049f6e1717f2fe16359ab4ab81,0xbcacfdc8fb2858b1cd79ad6746edcc3a0b73d636,1608360539,0.9995893564200253,33.97575737389503,8,9
0x00443e7a6b6263049f6e1717f2fe16359ab4ab81,0xbcacfdc8fb2858b1cd79ad6746edcc3a0b73d636,1608360803,0.999708270882399,33.975502366367174,8,9
0x7d5f209e4704006c1703e03549ccbc1357376ab5,0x63cd7c89519d75c41e7a4c0ca6f54d718128a776,1604895526,0.9993902950724022,26.410846419490756,8,8
0x7d5f209e4704006c1703e03549ccbc1357376ab5,0xc2d28910e912670cde19cfdd7077b5626837d351,1606182143,0.9996595703556609,24.713153870709608,8,8
0x7d5f209e4704006c1703e03549ccbc1357376ab5,0x68ab863c527f7e2eb4ec88533e2095466b2e03fd,1606958850,0.9995644113086755,23.55404260273065,8,8
0x7d5f209e4704006c1703e03549ccbc1357376ab5,0x1288d6aebbdfce419c97a964f2611d645b2429b6,1609118296,0.9996372421961909,19.274832835901286,8,8
0x7d5f209e4704006c1703e03549ccbc1357376ab5,0x84c5f7e8647fa11d7a0cdc3db4c5045347355f03,1609118353,0.9996372421961909,19.274716654750684,8,8
0x7d5f209e4704006c1703e03549ccbc1357376ab5,0xe6c249a7091b63e03c2be96caa42f8ac1caf94c0,1609118457,0.9971052881247847,19.29146123031129,8,8
0x7d5f209e4704006c1703e03549ccbc1357376ab5,0xae38a1b2acf05559550750b5ace6049fa3e96f02,1609118645,0.9752267332077112,19.438310196200298,8,8
0xa670acdaff29d209bb499210d05c3f1781ae6d91,0x37b1f8e8b4dc23a0ec0436755fb7a9e2944137f0,1606039638,0.999274747483392,16.70313960980171,8,8
0x1878d7e5f9ba4e9e32c9ce79924b255720ee3adf,0x3d36fac8ff573fec675fb38db81355d9d065c93d,1604117243,0.9999863490799338,25.095249362269584,8,8
0xa84fd055970d8842b6eb048784c9a43d4d27b7cc,0x39846281467ac1333e370245b6853dd27c038193,1604080454,0.999946295246527,28.117431322545716,8,8
0xa84fd055970d8842b6eb048784c9a43d4d27b7cc,0x39846281467ac1333e370245b6853dd27c038193,1604514854,0.9999325071188659,27.88937635668191,8,8
0xa84fd055970d8842b6eb048784c9a43d4d27b7cc,0x39846281467ac1333e370245b6853dd27c038193,1604610584,0.9998744560153746,27.8757679844628,8,8
0xa84fd055970d8842b6eb048784c9a43d4d27b7cc,0x3231debab0168189bd0278411eb7815f60e89ea5,1608161803,0.9999626018854803,18.212716511382443,8,8
0xa84fd055970d8842b6eb048784c9a43d4d27b7cc,0x3231debab0168189bd0278411eb7815f60e89ea5,1609797480,0.9999785175696735,18.699129961933146,8,8
0xa84fd055970d8842b6eb048784c9a43d4d27b7cc,0x3231debab0168189bd0278411eb7815f60e89ea5,1612418566,0.9997532914572957,18.795846034171753,8,8
0x39846281467ac1333e370245b6853dd27c038193,0xa84fd055970d8842b6eb048784c9a43d4d27b7cc,1609796811,0.9999785175765765,29.268479778992305,8,8
0x39846281467ac1333e370245b6853dd27c038193,0xa84fd055970d8842b6eb048784c9a43d4d27b7cc,1609797520,0.9999999954061436,29.268514248908435,8,8
0x39846281467ac1333e370245b6853dd27c038193,0xa84fd055970d8842b6eb048784c9a43d4d27b7cc,1612418030,0.9997532960553998,29.830474899565296,8,8
0x3d36fac8ff573fec675fb38db81355d9d065c93d,0x1878d7e5f9ba4e9e32c9ce79924b255720ee3adf,1604117589,0.9999999999355744,25.09529192804099,8,8
0x3d36fac8ff573fec675fb38db81355d9d065c93d,0x1878d7e5f9ba4e9e32c9ce79924b255720ee3adf,1604132844,0.9999999965208979,25.09743944926657,8,8
0x3d36fac8ff573fec675fb38db81355d9d065c93d,0x1878d7e5f9ba4e9e32c9ce79924b255720ee3adf,1604295842,0.9999999625521466,25.11983180317983,8,8
0x3d36fac8ff573fec675fb38db81355d9d065c93d,0x1878d7e5f9ba4e9e32c9ce79924b255720ee3adf,1605764821,0.9999996691947872,25.273972934895106,8,8
0x3d36fac8ff573fec675fb38db81355d9d065c93d,0x1878d7e5f9ba4e9e32c9ce79924b255720ee3adf,1606943672,0.9999997392504838,25.331708110265872,8,8
0x3d36fac8ff573fec675fb38db81355d9d065c93d,0x1878d7e5f9ba4e9e32c9ce79924b255720ee3adf,1607910849,0.9999997826838577,25.332244246814152,8,8
0x3d36fac8ff573fec675fb38db81355d9d065c93d,0x1878d7e5f9ba4e9e32c9ce79924b255720ee3adf,1608449642,0.9999998768683941,25.453317610388673,8,8
0x5c93ec4e6464c2d4510681d7d740bfae7e459211,0x4e65aa44ddcfba0a627aaf23c273eb8f43344b4f,1604202999,0.9996660913606665,16.830745307442562,8,8
0x5c93ec4e6464c2d4510681d7d740bfae7e459211,0xf11e5bca4352cd59931dc94b296bc7481d64fbdb,1612158033,0.9991756725632399,14.770477924710063,8,7
0x4e65aa44ddcfba0a627aaf23c273eb8f43344b4f,0x5c93ec4e6464c2d4510681d7d740bfae7e459211,1605036844,0.9999956286193908,16.867539353581424,8,8
0x4e65aa44ddcfba0a627aaf23c273eb8f43344b4f,0x5c93ec4e6464c2d4510681d7d740bfae7e459211,1608179392,0.9996660913606665,17.685621929370534,8,8
0x8cf3b299d562867446b6a5bd0705521c557e2207,0x11111254369792b2ca5d084ab5eea397ca8fa48b,1604417977,0.9998185881938213,30.08271604598795,8,8
0x2a6c38d16bfdc7b4a20f1f982c058f07bdce9204,0x8fe178db26eba2eedb22575265bf10a63c395a3d,1610322797,0.9984078271284671,14.955132073523787,8,6
0x2a6c38d16bfdc7b4a20f1f982c058f07bdce9204,0x8fe178db26eba2eedb22575265bf10a63c395a3d,1613385767,0.9977478624947383,15.150190563721736,8,6
0x6317c5e82a06e1d8bf200d21f4510ac2c038ac81,0xf5b9707e7c487853d8ba152665ea49a9e0c6c01d,1604438070,0.9963830527034679,20.84685268345975,8,8
0x6317c5e82a06e1d8bf200d21f4510ac2c038ac81,0xf5b9707e7c487853d8ba152665ea49a9e0c6c01d,1605114958,0.9960913667635163,20.435694704656314,8,8
0x6317c5e82a06e1d8bf200d21f4510ac2c038ac81,0xf5b9707e7c487853d8ba152665ea49a9e0c6c01d,1605116552,0.9961300529987919,20.43509677304274,8,8
0x6317c5e82a06e1d8bf200d21f4510ac2c038ac81,0xf5b9707e7c487853d8ba152665ea49a9e0c6c01d,1605120700,0.997164279519589,20.433242141759237,8,8
0x6317c5e82a06e1d8bf200d21f4510ac2c038ac81,0xf5b9707e7c487853d8ba152665ea49a9e0c6c01d,1605127129,0.9961980730411575,20.436849005276503,8,8
0x6317c5e82a06e1d8bf200d21f4510ac2c038ac81,0xf5b9707e7c487853d8ba152665ea49a9e0c6c01d,1605128019,0.9962358907753303,20.437328134107037,8,8
0xf5b9707e7c487853d8ba152665ea49a9e0c6c01d,0x5a73fae3fa13a945e73997f1b641c5d4b63c1a0c,1604438135,0.9963830527034679,33.10651311673201,8,8
0xf5b9707e7c487853d8ba152665ea49a9e0c6c01d,0x5a73fae3fa13a945e73997f1b641c5d4b63c1a0c,1605115022,0.9960913667635163,32.63982108195921,8,8
0xf5b9707e7c487853d8ba152665ea49a9e0c6c01d,0x5a73fae3fa13a945e73997f1b641c5d4b63c1a0c,1605116603,0.9961300529987919,32.63888202407071,8,8
0xf5b9707e7c487853d8ba152665ea49a9e0c6c01d,0x5a73fae3fa13a945e73997f1b641c5d4b63c1a0c,1605120800,0.997164279519589,32.63614346642928,8,8
0xf5b9707e7c487853d8ba152665ea49a9e0c6c01d,0x5a73fae3fa13a945e73997f1b641c5d4b63c1a0c,1605127138,0.9961980730411575,32.649433959234585,8,8
0xf5b9707e7c487853d8ba152665ea49a9e0c6c01d,0x5a73fae3fa13a945e73997f1b641c5d4b63c1a0c,1605128064,0.9962358907753303,32.65059840386396,8,8
0xad424887e5303e29305c6fa13185e74f9c774cd6,0x80b1b0105c5e5206a37a87bc596f7e6374436d42,1607275541,0.999996371118721,23.397017266468417,8,8
0xad424887e5303e29305c6fa13185e74f9c774cd6,0x80b1b0105c5e5206a37a87bc596f7e6374436d42,1607592825,0.9999421145364829,23.483601300666795,8,8
0xad424887e5303e29305c6fa13185e74f9c774cd6,0x80b1b0105c5e5206a37a87bc596f7e6374436d42,1612822265,0.999971556097657,23.488420499926743,8,8
0xad424887e5303e29305c6fa13185e74f9c774cd6,0x80b1b0105c5e5206a37a87bc596f7e6374436d42,1614860083,0.9998760954592725,23.054949329864254,8,8
0x69cdce83ce048f5337c9e6c74f3d6dc94e6c9456,0xad424887e5303e29305c6fa13185e74f9c774cd6,1607592426,0.9999695649539094,26.992596724238975,8,8
0x69cdce83ce048f5337c9e6c74f3d6dc94e6c9456,0xad424887e5303e29305c6fa13185e74f9c774cd6,1614848732,0.9998760954592725,27.416722039930125,8,8
0xa60386690de9e51c99357a4a73ef7e08b157613b,0xe0a2950d2fa80c3f3df33d585d6c091e6498f339,1604710639,0.9927945070509713,28.136151038876186,8,8
0xa60386690de9e51c99357a4a73ef7e08b157613b,0xe0a2950d2fa80c3f3df33d585d6c091e6498f339,1606005701,0.9869783706893234,28.533008777625493,8,8
0xa60386690de9e51c99357a4a73ef7e08b157613b,0xe0a2950d2fa80c3f3df33d585d6c091e6498f339,1606915278,0.987081822191372,28.97123792425053,8,8
0xa60386690de9e51c99357a4a73ef7e08b157613b,0xe0a2950d2fa80c3f3df33d585d6c091e6498f339,1609642339,0.9818250475329803,29.758379647242453,8,8
0xa60386690de9e51c99357a4a73ef7e08b157613b,0xe0a2950d2fa80c3f3df33d585d6c091e6498f339,1612364231,0.9922615502166958,29.24973396329053,8,8
0xa60386690de9e51c99357a4a73ef7e08b157613b,0xe0a2950d2fa80c3f3df33d585d6c091e6498f339,1612397365,0.9885783825279616,29.255857862938704,8,8
0xcb130facb0beb5b125dcca37f6bc739b2249649a,0x891fbae4929aa1544c2384ca657c0c5efc6e4d75,1614093464,0.9998611927556136,17.96425399165483,8,6
0x0e71d2c11ce0a5922a72b2c01eca16cd82f1987e,0x710834298bc431516cf7fe1964d699369fd14300,1615221759,0.9999515628822866,15.508161444445612,8,7
0x61bb17a622bfa19fd6ca0c79814dd41e30f17812,0xd9fedd605ee8c8f8ad1b2ff03aa4ab242cd1a6e1,1609510609,0.9999723806257621,15.941024855944024,8,8
0x61bb17a622bfa19fd6ca0c79814dd41e30f17812,0xd9fedd605ee8c8f8ad1b2ff03aa4ab242cd1a6e1,1610700853,0.9999644969842164,16.33516622908348,8,8
0x61bb17a622bfa19fd6ca0c79814dd41e30f17812,0x0f2ad7ff58daf475eff71095470f7222c1b13113,1614424776,0.999845282725223,15.420919059864442,8,7
0xd9fedd605ee8c8f8ad1b2ff03aa4ab242cd1a6e1,0x61bb17a622bfa19fd6ca0c79814dd41e30f17812,1606986210,0.9999460791216999,16.80145380653438,8,8
0xd9fedd605ee8c8f8ad1b2ff03aa4ab242cd1a6e1,0x61bb17a622bfa19fd6ca0c79814dd41e30f17812,1609422307,0.9999723806257621,15.989100335995147,8,8
0xd9fedd605ee8c8f8ad1b2ff03aa4ab242cd1a6e1,0x61bb17a622bfa19fd6ca0c79814dd41e30f17812,1614264121,0.9998452827235296,31.647296524040115,8,8
0x1c976ea0d60f04b4354ec4ead3f0ce069bd1b3a5,0x80bd187b79216b58e99c30df4711edcedf9a63d6,1604912635,1.0,14.730353821859687,8,7
0x1c976ea0d60f04b4354ec4ead3f0ce069bd1b3a5,0x80bd187b79216b58e99c30df4711edcedf9a63d6,1604912644,1.0,14.730320835773613,8,7
0x1c976ea0d60f04b4354ec4ead3f0ce069bd1b3a5,0x80bd187b79216b58e99c30df4711edcedf9a63d6,1604912958,0.999960487364313,14.729432153168068,8,7
0x1c976ea0d60f04b4354ec4ead3f0ce069bd1b3a5,0x80bd187b79216b58e99c30df4711edcedf9a63d6,1604924773,0.9999945974400006,14.68799568806255,8,7
0x1c976ea0d60f04b4354ec4ead3f0ce069bd1b3a5,0x0c81129b231f49db3f3dccaf08c88b582d656112,1605740062,0.9999827718429571,21.148653919163838,8,7
0xc1b58ef526c627f34ff0eb6f8b43aecfce7ca844,0x4d049addaa7cd9681c7a0928c8503206b58fe0eb,1606927511,0.9999851685619864,19.370656128325113,8,8
0xc1b58ef526c627f34ff0eb6f8b43aecfce7ca844,0x4d049addaa7cd9681c7a0928c8503206b58fe0eb,1607311121,0.9991810045679143,19.7530747068512,8,8
0xc1b58ef526c627f34ff0eb6f8b43aecfce7ca844,0x4d049addaa7cd9681c7a0928c8503206b58fe0eb,1609199933,0.999685415349491,21.75311386479911,8,8
0xc1b58ef526c627f34ff0eb6f8b43aecfce7ca844,0x4d049addaa7cd9681c7a0928c8503206b58fe0eb,1611434032,0.9998660821351936,22.74715420232773,8,8
0x821588cb35286a378ffb5dafc13e1236b0dc684f,0x634c12593fb7b5329a2f1f6c396f5453906bc60a,1605042741,0.9649862209869622,39.419624352341096,8,9
0x821588cb35286a378ffb5dafc13e1236b0dc684f,0x634c12593fb7b5329a2f1f6c396f5453906bc60a,1605129761,0.9649862209869622,37.19707058925104,8,9
0x821588cb35286a378ffb5dafc13e1236b0dc684f,0x634c12593fb7b5329a2f1f6c396f5453906bc60a,1605227164,0.9582744509568313,35.95559399641682,8,9
0x821588cb35286a378ffb5dafc13e1236b0dc684f,0x634c12593fb7b5329a2f1f6c396f5453906bc60a,1605310827,0.9974257361031421,33.16578745309315,8,9
0x634c12593fb7b5329a2f1f6c396f5453906bc60a,0x821588cb35286a378ffb5dafc13e1236b0dc684f,1605753288,0.9997644388066222,31.817088584753968,8,9
0x634c12593fb7b5329a2f1f6c396f5453906bc60a,0x821588cb35286a378ffb5dafc13e1236b0dc684f,1605824629,0.9997859020227413,31.725291490721013,8,9
0x634c12593fb7b5329a2f1f6c396f5453906bc60a,0x821588cb35286a378ffb5dafc13e1236b0dc684f,1605847174,0.999943141018326,31.715385196772214,8,9
0x634c12593fb7b5329a2f1f6c396f5453906bc60a,0x821588cb35286a378ffb5dafc13e1236b0dc684f,1605974358,0.9996783643382584,31.6894952641255,8,9
0x634c12593fb7b5329a2f1f6c396f5453906bc60a,0x821588cb35286a378ffb5dafc13e1236b0dc684f,1606101212,0.9996801477114526,31.89487773278055,8,9
0x634c12593fb7b5329a2f1f6c396f5453906bc60a,0x821588cb35286a378ffb5dafc13e1236b0dc684f,1606616384,0.9997809669778396,36.105719814396465,8,9
0x634c12593fb7b5329a2f1f6c396f5453906bc60a,0x821588cb35286a378ffb5dafc13e1236b0dc684f,1606667770,0.9998704614841762,36.830125188121414,8,9
0x634c12593fb7b5329a2f1f6c396f5453906bc60a,0x821588cb35286a378ffb5dafc13e1236b0dc684f,1606758161,0.9997680514404478,38.22199508508158,8,9
0x634c12593fb7b5329a2f1f6c396f5453906bc60a,0x821588cb35286a378ffb5dafc13e1236b0dc684f,1606857624,0.9997435050076009,39.84677858137635,8,9
0x3bbec29ab82db1f0be3f67261cc902c4e35ab70d,0x58cb58b57dbe6b4e9ab56e0360ce2b6262da2049,1605944106,0.9909784660747756,19.48810281588842,8,4
0x3bbec29ab82db1f0be3f67261cc902c4e35ab70d,0x58cb58b57dbe6b4e9ab56e0360ce2b6262da2049,1605945353,0.9786906104649986,20.769435793899696,8,4
0x3bbec29ab82db1f0be3f67261cc902c4e35ab70d,0x58cb58b57dbe6b4e9ab56e0360ce2b6262da2049,1605988104,0.9987128414091344,15.343838289038,8,4
0xfb8297b98245fd4ab883f5003e41f4c9dfb152e0,0x01b8e6dd830b9a1ad6e5100fd1d5ea85080ee4aa,1605221700,0.9995669727149021,17.18963572634777,8,8
0xfb8297b98245fd4ab883f5003e41f4c9dfb152e0,0x01b8e6dd830b9a1ad6e5100fd1d5ea85080ee4aa,1606066698,0.9996916390877132,17.189556618451746,8,8
0x01b8e6dd830b9a1ad6e5100fd1d5ea85080ee4aa,0xfb8297b98245fd4ab883f5003e41f4c9dfb152e0,1612098744,0.9999606910126186,17.569519155340664,8,8
0x01b8e6dd830b9a1ad6e5100fd1d5ea85080ee4aa,0xfb8297b98245fd4ab883f5003e41f4c9dfb152e0,1614428940,0.9992588787610317,17.094007107228602,8,8
0x650df17bf4f586e723dfc2df527ac55b03b2b856,0x260e26aa06a29ef59f3a05ed8709cf1560dca376,1614428065,0.9997042962398677,19.677965093045433,8,4
0x0ce4b16411b408bc9f06d456175db3cc79b25299,0x12ba0be48487bbdac39958fd429b30a270656127,1605382826,0.9999927422637794,15.647506924285398,8,8
0x0ce4b16411b408bc9f06d456175db3cc79b25299,0x12ba0be48487bbdac39958fd429b30a270656127,1605383177,0.999212062571442,15.648102180311401,8,8
0x37387041d46eeca604e5d6e1e7d4270013da52b2,0x4c8e81b8c4374f9bda24c1af8bc79029d8229c43,1607768750,0.9987955369717635,15.470445721888655,8,5
0x37387041d46eeca604e5d6e1e7d4270013da52b2,0x4c8e81b8c4374f9bda24c1af8bc79029d8229c43,1607769022,0.999997515340701,15.329955806120234,8,5
0x37387041d46eeca604e5d6e1e7d4270013da52b2,0x4c8e81b8c4374f9bda24c1af8bc79029d8229c43,1607858223,0.9987081131411568,17.723011745259143,8,5
0x37387041d46eeca604e5d6e1e7d4270013da52b2,0x4c8e81b8c4374f9bda24c1af8bc79029d8229c43,1607859752,0.9999873956277385,17.608498945442143,8,5
0x37387041d46eeca604e5d6e1e7d4270013da52b2,0x4c8e81b8c4374f9bda24c1af8bc79029d8229c43,1607968557,0.9983838712401767,20.77233016461992,8,5
0x37387041d46eeca604e5d6e1e7d4270013da52b2,0x4c8e81b8c4374f9bda24c1af8bc79029d8229c43,1607968851,0.99999693066656,20.587679212765412,8,5
0x37387041d46eeca604e5d6e1e7d4270013da52b2,0x4c8e81b8c4374f9bda24c1af8bc79029d8229c43,1608030397,0.9990299517863688,22.52550336588908,8,5
0x37387041d46eeca604e5d6e1e7d4270013da52b2,0x4c8e81b8c4374f9bda24c1af8bc79029d8229c43,1608030925,0.999998961728884,22.427359026805537,8,5
0x37387041d46eeca604e5d6e1e7d4270013da52b2,0x4c8e81b8c4374f9bda24c1af8bc79029d8229c43,1608109910,0.9986968882499945,25.107274765523684,8,5
0x37387041d46eeca604e5d6e1e7d4270013da52b2,0x4c8e81b8c4374f9bda24c1af8bc79029d8229c43,1608110252,0.9999969033687494,24.966118776721824,8,5
0x37387041d46eeca604e5d6e1e7d4270013da52b2,0x4c8e81b8c4374f9bda24c1af8bc79029d8229c43,1608212584,0.9983006948050276,28.667623052813056,8,5
0x37387041d46eeca604e5d6e1e7d4270013da52b2,0x4c8e81b8c4374f9bda24c1af8bc79029d8229c43,1608212779,0.99999702444574,28.478210733955706,8,5
0x37387041d46eeca604e5d6e1e7d4270013da52b2,0x4c8e81b8c4374f9bda24c1af8bc79029d8229c43,1608316513,0.998312022641166,32.44987050461858,8,5
0x37387041d46eeca604e5d6e1e7d4270013da52b2,0x4c8e81b8c4374f9bda24c1af8bc79029d8229c43,1608317005,0.9999950650950791,32.27724565334074,8,5
0x37387041d46eeca604e5d6e1e7d4270013da52b2,0x4c8e81b8c4374f9bda24c1af8bc79029d8229c43,1608374474,0.9990031323115504,34.61488359175378,8,5
0xb14f3d13a3d2c3680c9710113ece48cd3eceee13,0xacaf40e5628fe3ee1519c0309a9615afff1082a1,1605605253,0.9903251700255864,21.629456033650246,8,8
0xb14f3d13a3d2c3680c9710113ece48cd3eceee13,0xacaf40e5628fe3ee1519c0309a9615afff1082a1,1606646467,0.9979462804027275,21.506553972019674,8,8
0xb14f3d13a3d2c3680c9710113ece48cd3eceee13,0xd654951b7785a97cecbd902431f44025b7e5cb61,1614672446,0.9999296421365123,16.172167070890765,8,8
0xb14f3d13a3d2c3680c9710113ece48cd3eceee13,0xd654951b7785a97cecbd902431f44025b7e5cb61,1614788463,0.9990662530207031,16.16454646970124,8,8
0xb14f3d13a3d2c3680c9710113ece48cd3eceee13,0xd654951b7785a97cecbd902431f44025b7e5cb61,1615629066,0.9877647382555215,16.23682787384647,8,8
0xacaf40e5628fe3ee1519c0309a9615afff1082a1,0xb14f3d13a3d2c3680c9710113ece48cd3eceee13,1614674360,0.9990662530207031,21.34543541266437,8,8
0xacaf40e5628fe3ee1519c0309a9615afff1082a1,0xb14f3d13a3d2c3680c9710113ece48cd3eceee13,1615625669,0.9877647382555215,21.464529064953208,8,8
0xa2ebd97892502847061fe611efd5e289dbfa0703,0x220bda5c8994804ac96ebe4df184d25e5c2196d4,1645619561,0.9845996638032212,19.713264894401508,8,8
0x4cc75a06ecd0b15ef17be6904d6c9abb765fca1f,0x1aadbe46d1a33008de83b8aa5e139a12d5c581bc,1608263848,0.9999589465436222,19.751781875975663,8,8
0x4cc75a06ecd0b15ef17be6904d6c9abb765fca1f,0x1aadbe46d1a33008de83b8aa5e139a12d5c581bc,1608266016,0.9999944922504054,19.75216863791183,8,8
0x4cc75a06ecd0b15ef17be6904d6c9abb765fca1f,0x1aadbe46d1a33008de83b8aa5e139a12d5c581bc,1608267543,0.9999999981070236,19.752518331104923,8,8
0x19ff8cf79ad9fa7fb48e5494b153e0992065f0bf,0xa9e0f677f260419a0469856e7b8fe4cc5e3c5a9c,1605720035,0.9992095701515444,20.234881446849823,8,8
0x19ff8cf79ad9fa7fb48e5494b153e0992065f0bf,0xa9e0f677f260419a0469856e7b8fe4cc5e3c5a9c,1605796160,0.9982908063235295,20.210997305482046,8,8
0x19ff8cf79ad9fa7fb48e5494b153e0992065f0bf,0xa9e0f677f260419a0469856e7b8fe4cc5e3c5a9c,1605949359,0.9996453544176267,20.191037851596512,8,8
0x19ff8cf79ad9fa7fb48e5494b153e0992065f0bf,0xa9e0f677f260419a0469856e7b8fe4cc5e3c5a9c,1606305579,0.9995337494873718,20.216481164732073,8,8
0x19ff8cf79ad9fa7fb48e5494b153e0992065f0bf,0xd61f8ca91f7feb01a9f49a1104aeb573b6ad6b9b,1608709001,0.9946403403408799,14.828681125345659,8,7
0x8336a3f56931138497651a787cbdc2a3b8b9c333,0x7ca8f97c1e14f4ef62395848e50c0a2ba166c187,1606928262,0.9999121613854611,29.250730687419196,8,8
0x8336a3f56931138497651a787cbdc2a3b8b9c333,0x7ca8f97c1e14f4ef62395848e50c0a2ba166c187,1606929604,0.9995724430579082,29.252990812907854,8,8
0x8336a3f56931138497651a787cbdc2a3b8b9c333,0x7ca8f97c1e14f4ef62395848e50c0a2ba166c187,1607054056,0.9996213647413229,29.17545702537475,8,8
0x9660403259ca80cd25ccb833b20798f6ff1f2a4b,0x65b8ec36e590cf25a32c6ec7298b2c343a0cac06,1605779666,0.9998185881938213,15.380686654351987,8,7
0x9660403259ca80cd25ccb833b20798f6ff1f2a4b,0x65b8ec36e590cf25a32c6ec7298b2c343a0cac06,1608460701,0.9998511347691238,14.726640328190086,8,7
0x65b8ec36e590cf25a32c6ec7298b2c343a0cac06,0x9660403259ca80cd25ccb833b20798f6ff1f2a4b,1607549341,0.9999908067229265,14.5379347101211,8,7
0x65b8ec36e590cf25a32c6ec7298b2c343a0cac06,0x9660403259ca80cd25ccb833b20798f6ff1f2a4b,1607878633,0.9995777512675207,14.633218752675507,8,7
0x65b8ec36e590cf25a32c6ec7298b2c343a0cac06,0x9660403259ca80cd25ccb833b20798f6ff1f2a4b,1608372522,0.999316412859312,14.723121372099493,8,7
0x65b8ec36e590cf25a32c6ec7298b2c343a0cac06,0x9660403259ca80cd25ccb833b20798f6ff1f2a4b,1608460587,0.9998511347691238,14.726573300187741,8,7
0x65b8ec36e590cf25a32c6ec7298b2c343a0cac06,0x9660403259ca80cd25ccb833b20798f6ff1f2a4b,1609168736,0.9990374652791346,15.396724756432908,8,7
0xb451bb50af6283b6db0aa2977cd261ecb2cd074e,0xb2daa924d52138a83e5a4743e3039ef367f9fa02,1606109013,0.9999616190894606,24.096041436628454,8,8
0xb451bb50af6283b6db0aa2977cd261ecb2cd074e,0xb2daa924d52138a83e5a4743e3039ef367f9fa02,1606904443,0.9999485153755506,24.24871609126625,8,8
0xb451bb50af6283b6db0aa2977cd261ecb2cd074e,0xb2daa924d52138a83e5a4743e3039ef367f9fa02,1607410632,0.9999280822399612,24.436019567781955,8,8
0xb451bb50af6283b6db0aa2977cd261ecb2cd074e,0xb2daa924d52138a83e5a4743e3039ef367f9fa02,1607866421,1.0,24.590985965646027,8,8
0xb451bb50af6283b6db0aa2977cd261ecb2cd074e,0xb2daa924d52138a83e5a4743e3039ef367f9fa02,1607866882,0.9999394004883315,24.591178387891045,8,8
0xb451bb50af6283b6db0aa2977cd261ecb2cd074e,0xb2daa924d52138a83e5a4743e3039ef367f9fa02,1608269844,0.9996180620564568,24.71664473540607,8,8
0x26a8fd8c0545d8b03a73e19201c0b174c14380a8,0x19ff8cf79ad9fa7fb48e5494b153e0992065f0bf,1606305479,0.9995337494873718,23.13182138693661,8,8
0x26a8fd8c0545d8b03a73e19201c0b174c14380a8,0x19ff8cf79ad9fa7fb48e5494b153e0992065f0bf,1606305753,0.9999998599255372,23.13127859771015,8,8
0x26a8fd8c0545d8b03a73e19201c0b174c14380a8,0x19ff8cf79ad9fa7fb48e5494b153e0992065f0bf,1607153042,0.9992278576146821,23.58640364801665,8,8
0x26a8fd8c0545d8b03a73e19201c0b174c14380a8,0x19ff8cf79ad9fa7fb48e5494b153e0992065f0bf,1608685910,0.9987355558567764,24.221938168281643,8,8
0x26a8fd8c0545d8b03a73e19201c0b174c14380a8,0x19ff8cf79ad9fa7fb48e5494b153e0992065f0bf,1608708568,0.999987394099824,24.228180725272356,8,8
0x7eb6ee569d4e58fa167abd2cbfadb3eed9695906,0x1e04daee237782fbe56a687f28271e8976d2cb4c,1606957021,0.9992586408581621,28.918830321671965,8,8
0x7eb6ee569d4e58fa167abd2cbfadb3eed9695906,0x1e04daee237782fbe56a687f28271e8976d2cb4c,1607097845,0.9992981867584089,29.259202127544462,8,8
0x7eb6ee569d4e58fa167abd2cbfadb3eed9695906,0x1e04daee237782fbe56a687f28271e8976d2cb4c,1607130174,0.992376236286546,29.370650901761575,8,8
0x7eb6ee569d4e58fa167abd2cbfadb3eed9695906,0x1e04daee237782fbe56a687f28271e8976d2cb4c,1608511179,0.9903625411063712,32.90012741576922,8,8
0x763473fd7e3462962543f5aebfeaf72a844b550b,0xbc94ea79d494e806a2ced8f6459f6f92ab041ef5,1609169546,0.9999638321663059,18.23586763758572,8,7
0xbc94ea79d494e806a2ced8f6459f6f92ab041ef5,0x763473fd7e3462962543f5aebfeaf72a844b550b,1609169223,0.9999638321663059,18.235904767565646,8,8
0xbc94ea79d494e806a2ced8f6459f6f92ab041ef5,0x763473fd7e3462962543f5aebfeaf72a844b550b,1614108463,0.9999306184708866,18.125487852131833,8,8
0xe54308d39ee15f02a34b7fd9f6885134a5ccc388,0x84f0739094923a00bebdc622aed383c59979b850,1605872068,0.9996755113785583,19.019185388360462,8,8
0xe54308d39ee15f02a34b7fd9f6885134a5ccc388,0xe16d63567664c1e0bc9a99dd27e5226e3d8ec482,1610084758,0.999675536990996,14.527929803355422,8,7
0xbe478151e2070b9d468de42ebf34275a9f35bf32,0x26b7b974fcadd77977459d1b44b8870c9cfb3a52,1605874444,0.9539377493404347,15.661191006694537,8,8
0x84f0739094923a00bebdc622aed383c59979b850,0xe54308d39ee15f02a34b7fd9f6885134a5ccc388,1606650757,0.9999484115912332,18.56720369859397,8,8
0x84f0739094923a00bebdc622aed383c59979b850,0xe54308d39ee15f02a34b7fd9f6885134a5ccc388,1609053890,0.9999914662999068,19.41988252373106,8,8
0x84f0739094923a00bebdc622aed383c59979b850,0xe54308d39ee15f02a34b7fd9f6885134a5ccc388,1610084495,0.9996755113785583,19.974592435866455,8,8
0x26b7b974fcadd77977459d1b44b8870c9cfb3a52,0xbe478151e2070b9d468de42ebf34275a9f35bf32,1605874444,1.0,14.922417443011703,8,7
0xe85fae62b60927faa041afde11bc00b29e36f1d0,0xf6a926fe8569244b7760dc15eb07152a18b969f0,1605891817,1.0,15.110390297034279,8,7
0xe85fae62b60927faa041afde11bc00b29e36f1d0,0xf6a926fe8569244b7760dc15eb07152a18b969f0,1605893633,0.9987765565088689,15.11029327033085,8,7
0xe85fae62b60927faa041afde11bc00b29e36f1d0,0xf6a926fe8569244b7760dc15eb07152a18b969f0,1608573152,0.9800829417438138,14.637580266926472,8,7
0xe85fae62b60927faa041afde11bc00b29e36f1d0,0xf6a926fe8569244b7760dc15eb07152a18b969f0,1609667533,0.9963842268113776,14.591958270021001,8,7
0xe85fae62b60927faa041afde11bc00b29e36f1d0,0xf6a926fe8569244b7760dc15eb07152a18b969f0,1609965870,0.9960322578097641,14.641793661071793,8,7
0x88fd4760ba33815dee16fa054833c2c5267555fd,0xc3a5e611fdcda000fce1f93fc418524eda36db68,1605908767,0.9999701352209065,20.92236861085311,8,8
0x88fd4760ba33815dee16fa054833c2c5267555fd,0xc3a5e611fdcda000fce1f93fc418524eda36db68,1605909338,0.9999995081638634,20.9220165922757,8,8
0x88fd4760ba33815dee16fa054833c2c5267555fd,0xc3a5e611fdcda000fce1f93fc418524eda36db68,1605956510,0.9996879213688631,20.895705708304124,8,8
0x88fd4760ba33815dee16fa054833c2c5267555fd,0xc3a5e611fdcda000fce1f93fc418524eda36db68,1606062504,0.999476820286933,20.866092693705895,8,8
0x88fd4760ba33815dee16fa054833c2c5267555fd,0xc3a5e611fdcda000fce1f93fc418524eda36db68,1606207172,0.9994722755064781,20.866093119714897,8,8
0x88fd4760ba33815dee16fa054833c2c5267555fd,0xc3a5e611fdcda000fce1f93fc418524eda36db68,1606406926,0.9993652833437745,20.921623499021383,8,8
0xa32e850220eb153d860262ed79ecaee3bedd5dc2,0x8e3fabf5a1e4b773c227d2646eb2470263d3a1bf,1605918940,0.9998840358795757,18.756296865241982,8,8
0xa32e850220eb153d860262ed79ecaee3bedd5dc2,0x8e3fabf5a1e4b773c227d2646eb2470263d3a1bf,1605947343,0.9999622452438769,18.75507009299506,8,8
0xa32e850220eb153d860262ed79ecaee3bedd5dc2,0x8e3fabf5a1e4b773c227d2646eb2470263d3a1bf,1605947568,0.9999998116719783,18.755069770513682,8,8
0xa32e850220eb153d860262ed79ecaee3bedd5dc2,0x8e3fabf5a1e4b773c227d2646eb2470263d3a1bf,1605947726,0.9999998995085414,18.755112778613874,8,8
0xc45b95c5ddf369f6baa7f61b21ff275f965c73c4,0x8576dc04be5825479035f61b5984498a84a7f1de,1605935577,0.9950098389450464,27.9282457290064,8,8
0xc45b95c5ddf369f6baa7f61b21ff275f965c73c4,0x8576dc04be5825479035f61b5984498a84a7f1de,1605995932,0.9978273938263658,26.972375675040926,8,8
0xc45b95c5ddf369f6baa7f61b21ff275f965c73c4,0x8576dc04be5825479035f61b5984498a84a7f1de,1606259659,0.9993697936006587,24.02273238883717,8,8
0xc45b95c5ddf369f6baa7f61b21ff275f965c73c4,0x8576dc04be5825479035f61b5984498a84a7f1de,1606860504,0.9986652626133092,19.924314001292586,8,8
0xc45b95c5ddf369f6baa7f61b21ff275f965c73c4,0x8576dc04be5825479035f61b5984498a84a7f1de,1607037277,0.9989052956907645,18.989962687242567,8,8
0xc45b95c5ddf369f6baa7f61b21ff275f965c73c4,0x8576dc04be5825479035f61b5984498a84a7f1de,1607153920,0.9992058660126462,18.375804649282095,8,8
0xc45b95c5ddf369f6baa7f61b21ff275f965c73c4,0xea11f27e36ed674965f816dc79c961a21204043b,1606348273,0.9994715494865435,28.004426886157564,8,8
0xc45b95c5ddf369f6baa7f61b21ff275f965c73c4,0xea11f27e36ed674965f816dc79c961a21204043b,1606597311,0.9996209242830899,27.135624175721556,8,8
0xc45b95c5ddf369f6baa7f61b21ff275f965c73c4,0xea11f27e36ed674965f816dc79c961a21204043b,1607266856,0.9993039772110772,26.65943775993163,8,8
0xc45b95c5ddf369f6baa7f61b21ff275f965c73c4,0xea11f27e36ed674965f816dc79c961a21204043b,1607280681,0.9998239472764717,26.673390428677806,8,8
0xc45b95c5ddf369f6baa7f61b21ff275f965c73c4,0xea11f27e36ed674965f816dc79c961a21204043b,1607370877,0.9994512495624142,26.85340509943405,8,8
0xc45b95c5ddf369f6baa7f61b21ff275f965c73c4,0xea11f27e36ed674965f816dc79c961a21204043b,1607456101,0.9994574119522136,27.014830131432362,8,8
0xc45b95c5ddf369f6baa7f61b21ff275f965c73c4,0xea11f27e36ed674965f816dc79c961a21204043b,1607545156,0.9994621244192176,27.18588164846469,8,8
0xc45b95c5ddf369f6baa7f61b21ff275f965c73c4,0xea11f27e36ed674965f816dc79c961a21204043b,1607710728,0.999488950077858,27.663273079687237,8,8
0x58cb58b57dbe6b4e9ab56e0360ce2b6262da2049,0x3bbec29ab82db1f0be3f67261cc902c4e35ab70d,1605944106,1.0,18.484060039133595,8,4
0x58cb58b57dbe6b4e9ab56e0360ce2b6262da2049,0x3bbec29ab82db1f0be3f67261cc902c4e35ab70d,1605945353,1.0,18.389433850992333,8,4
0x58cb58b57dbe6b4e9ab56e0360ce2b6262da2049,0x3bbec29ab82db1f0be3f67261cc902c4e35ab70d,1605988104,1.0,15.198747829080958,8,4
0x0119dc12f02dd63825a55605983bafc470fd461e,0x5c70362919df07762c3f99657c0ed0ea9e8cd159,1605953278,0.9999640614253377,15.663835329738935,8,8
0x0119dc12f02dd63825a55605983bafc470fd461e,0x5c70362919df07762c3f99657c0ed0ea9e8cd159,1605953355,0.9999787232859502,15.663816744106217,8,8
0x0119dc12f02dd63825a55605983bafc470fd461e,0x5c70362919df07762c3f99657c0ed0ea9e8cd159,1605956277,0.9995135683122437,15.66377892553313,8,8
0x0119dc12f02dd63825a55605983bafc470fd461e,0x5c70362919df07762c3f99657c0ed0ea9e8cd159,1606132517,0.9992439465439293,15.684210479109673,8,8
0x044755c6866a83c150c140f61cfd6dd80559cd98,0xb690cc817a1b085e2cc541317c2d20293e7aa8bb,1605957593,0.9960240870924446,36.79738965321701,8,8
0x044755c6866a83c150c140f61cfd6dd80559cd98,0xb690cc817a1b085e2cc541317c2d20293e7aa8bb,1607272353,0.974498410152813,30.214146654566633,8,8
0x044755c6866a83c150c140f61cfd6dd80559cd98,0xb690cc817a1b085e2cc541317c2d20293e7aa8bb,1607453496,0.9979452321269833,29.136318596343013,8,8
0x044755c6866a83c150c140f61cfd6dd80559cd98,0xe4e8f73096301b0938b896a79521088633b85b75,1606991108,0.998241389967432,22.537218546914012,8,8
0xb690cc817a1b085e2cc541317c2d20293e7aa8bb,0x044755c6866a83c150c140f61cfd6dd80559cd98,1605957593,1.0,36.77352948599894,8,8
0xb690cc817a1b085e2cc541317c2d20293e7aa8bb,0x044755c6866a83c150c140f61cfd6dd80559cd98,1607272353,1.0,29.972999970940617,8,8
0xb690cc817a1b085e2cc541317c2d20293e7aa8bb,0x044755c6866a83c150c140f61cfd6dd80559cd98,1607453496,1.0,29.116122343215597,8,8
0xb2c171e6513e25e703edacaeee33f72a99964514,0xb66488588eff244d8e3c4182afc343927243f24c,1605973925,0.9759465863596613,37.69364275766844,8,9
0xb2c171e6513e25e703edacaeee33f72a99964514,0xb66488588eff244d8e3c4182afc343927243f24c,1606052590,0.9990885609931439,37.40390713232384,8,9
0xb2c171e6513e25e703edacaeee33f72a99964514,0xb66488588eff244d8e3c4182afc343927243f24c,1606314222,0.9984845239918572,36.94176818783928,8,9
0xb2c171e6513e25e703edacaeee33f72a99964514,0xb66488588eff244d8e3c4182afc343927243f24c,1606484563,0.998779475788577,36.808869070889045,8,9
0xb2c171e6513e25e703edacaeee33f72a99964514,0xb66488588eff244d8e3c4182afc343927243f24c,1606657706,0.9987447734562428,36.740667468464196,8,9
0xb2c171e6513e25e703edacaeee33f72a99964514,0xb66488588eff244d8e3c4182afc343927243f24c,1606921219,0.9988937339166419,36.86098909739499,8,9
0xb2c171e6513e25e703edacaeee33f72a99964514,0xb66488588eff244d8e3c4182afc343927243f24c,1607011074,0.9989252308778405,36.96444528766536,8,9
0xb2c171e6513e25e703edacaeee33f72a99964514,0xb66488588eff244d8e3c4182afc343927243f24c,1607093979,0.9991671856773862,37.091690394533586,8,9
0xf3928092fe110f54459c886a25c64ef4e74180d1,0xe4e8f73096301b0938b896a79521088633b85b75,1606493676,0.999139908300863,22.36548549692887,8,8
0xf3928092fe110f54459c886a25c64ef4e74180d1,0xe4e8f73096301b0938b896a79521088633b85b75,1606556651,0.9997631974139574,21.83904173965003,8,8
0xf3928092fe110f54459c886a25c64ef4e74180d1,0xe4e8f73096301b0938b896a79521088633b85b75,1607003254,0.9991502962927656,21.187511930529027,8,8
0xf3928092fe110f54459c886a25c64ef4e74180d1,0xe4e8f73096301b0938b896a79521088633b85b75,1607105577,0.9994093124102356,21.99460397344176,8,8
0x019882789983306222c4b4cab71258189fd92998,0x59289e441123216fe1367b51b252f9d797e6772c,1606055468,0.945900327873245,23.639547433072533,8,8
0x019882789983306222c4b4cab71258189fd92998,0x59289e441123216fe1367b51b252f9d797e6772c,1606939970,0.963055665879558,19.061728259716062,8,8
0x019882789983306222c4b4cab71258189fd92998,0x4a1f18e8809fc87be7a4688d1c4ee3b1fd657951,1606923390,0.9194624683225269,18.280143718142288,8,8
0x019882789983306222c4b4cab71258189fd92998,0x4a1f18e8809fc87be7a4688d1c4ee3b1fd657951,1607596571,0.9489248385540586,21.911778675797873,8,8
0x59289e441123216fe1367b51b252f9d797e6772c,0x019882789983306222c4b4cab71258189fd92998,1606055468,0.999428388525301,22.616981854335936,8,8
0x59289e441123216fe1367b51b252f9d797e6772c,0x019882789983306222c4b4cab71258189fd92998,1606939970,0.9996165313342276,18.28655682715902,8,8
0x00b43a92d45ccdfeef6ea98d56f775586fe9e39e,0xf8d561e067572f9cb1e58f7708d653c9d6f7a939,1606065717,0.99942536835506,24.39454960713809,8,8
0x00b43a92d45ccdfeef6ea98d56f775586fe9e39e,0x53b439bfecaa1583248ab2bf270462ffe1bbcab4,1607982402,0.9974435034783662,17.48955577087265,8,8
0x00b43a92d45ccdfeef6ea98d56f775586fe9e39e,0x53b439bfecaa1583248ab2bf270462ffe1bbcab4,1610575005,0.99942536835506,18.418061866016455,8,8
0xf8d561e067572f9cb1e58f7708d653c9d6f7a939,0x00b43a92d45ccdfeef6ea98d56f775586fe9e39e,1606144413,0.9999930580265056,24.408003436236267,8,8
0xf8d561e067572f9cb1e58f7708d653c9d6f7a939,0x00b43a92d45ccdfeef6ea98d56f775586fe9e39e,1607980847,0.9999819427302695,24.792477230579685,8,8
0xf8d561e067572f9cb1e58f7708d653c9d6f7a939,0x00b43a92d45ccdfeef6ea98d56f775586fe9e39e,1607981077,0.9997172376096607,24.792792977341428,8,8
0xf8d561e067572f9cb1e58f7708d653c9d6f7a939,0x00b43a92d45ccdfeef6ea98d56f775586fe9e39e,1607981160,0.9992166205252354,24.793351646262458,8,8
0xf8d561e067572f9cb1e58f7708d653c9d6f7a939,0x00b43a92d45ccdfeef6ea98d56f775586fe9e39e,1610574703,0.99942536835506,25.668570962822997,8,8
0x6111933e0c13da0312bbff7c43e738dfecde03ec,0xed8608f9338d2b93be79a4c2417649fd6c3c8b96,1614418565,0.9996175613371403,15.256001942965055,8,6
0xed8608f9338d2b93be79a4c2417649fd6c3c8b96,0x6111933e0c13da0312bbff7c43e738dfecde03ec,1609482694,0.9999803048545464,15.802511792396647,8,8
0xed8608f9338d2b93be79a4c2417649fd6c3c8b96,0x6111933e0c13da0312bbff7c43e738dfecde03ec,1612114131,0.9996372421961909,15.693976118129433,8,8
0x1257b81b20b868d00851915942d3c4ca58e666d0,0xd2d4836ce7177c3098ad035556f2287def16d8f3,1608326240,0.9995937678008672,37.86408718281951,8,4
0x1257b81b20b868d00851915942d3c4ca58e666d0,0xd2d4836ce7177c3098ad035556f2287def16d8f3,1608326426,0.9999998653753935,37.84560734903464,8,4
0x1257b81b20b868d00851915942d3c4ca58e666d0,0xd2d4836ce7177c3098ad035556f2287def16d8f3,1608576919,0.9994448477968753,38.59678349203612,8,4
0x1257b81b20b868d00851915942d3c4ca58e666d0,0xd2d4836ce7177c3098ad035556f2287def16d8f3,1608577325,0.999999772196989,38.57259507335635,8,4
0x90f310c3bbbbaf79699b8d51c1aeb96c4cc3f925,0xb451bb50af6283b6db0aa2977cd261ecb2cd074e,1606108721,0.9999616190894606,29.35113919415715,8,8
0x90f310c3bbbbaf79699b8d51c1aeb96c4cc3f925,0xb451bb50af6283b6db0aa2977cd261ecb2cd074e,1606451849,0.9999645034269162,29.061409848538172,8,8
0x90f310c3bbbbaf79699b8d51c1aeb96c4cc3f925,0xb451bb50af6283b6db0aa2977cd261ecb2cd074e,1606452189,0.9999999672076982,29.061111073117093,8,8
0x90f310c3bbbbaf79699b8d51c1aeb96c4cc3f925,0xb451bb50af6283b6db0aa2977cd261ecb2cd074e,1606904307,0.9999485481644781,28.869950727921903,8,8
0x90f310c3bbbbaf79699b8d51c1aeb96c4cc3f925,0xb451bb50af6283b6db0aa2977cd261ecb2cd074e,1607410243,0.9999280822399612,28.862514339908355,8,8
0x90f310c3bbbbaf79699b8d51c1aeb96c4cc3f925,0xb451bb50af6283b6db0aa2977cd261ecb2cd074e,1607864988,0.9999394004883315,29.041197840846696,8,8
0x90f310c3bbbbaf79699b8d51c1aeb96c4cc3f925,0xb451bb50af6283b6db0aa2977cd261ecb2cd074e,1608269245,0.9999447780512786,29.566499950514476,8,8
0x90f310c3bbbbaf79699b8d51c1aeb96c4cc3f925,0xb451bb50af6283b6db0aa2977cd261ecb2cd074e,1608269345,0.9999999956326531,29.566476266435593,8,8
0x166ed9f7a56053c7c4e77cb0c91a9e46bbc5e8b0,0xe4e8f73096301b0938b896a79521088633b85b75,1606741743,0.9976427183800782,28.777760939162892,8,8
0x838af27f7701a0f3087617ffd88180bb9eaae78a,0xb39a7ab455872b2b208fe4559d90b9c3436fa818,1606134527,0.9998617320818018,35.54593283407767,8,9
0x838af27f7701a0f3087617ffd88180bb9eaae78a,0xb39a7ab455872b2b208fe4559d90b9c3436fa818,1606219771,0.999877085718753,35.28838346806061,8,9
0x838af27f7701a0f3087617ffd88180bb9eaae78a,0xb39a7ab455872b2b208fe4559d90b9c3436fa818,1606297632,0.9998913223507603,35.105519146270424,8,9
0x838af27f7701a0f3087617ffd88180bb9eaae78a,0xb39a7ab455872b2b208fe4559d90b9c3436fa818,1606349281,0.9999312350809288,35.019214692338025,8,9
0x838af27f7701a0f3087617ffd88180bb9eaae78a,0xb39a7ab455872b2b208fe4559d90b9c3436fa818,1606480282,0.9998254320416079,34.88991804977198,8,9
0x838af27f7701a0f3087617ffd88180bb9eaae78a,0xb39a7ab455872b2b208fe4559d90b9c3436fa818,1606564590,0.999899387683413,34.861749466472595,8,9
0x838af27f7701a0f3087617ffd88180bb9eaae78a,0xb39a7ab455872b2b208fe4559d90b9c3436fa818,1606652196,0.9998942581979626,34.89194513055572,8,9
0x838af27f7701a0f3087617ffd88180bb9eaae78a,0xb39a7ab455872b2b208fe4559d90b9c3436fa818,1606775215,0.9998654082851252,35.01661867657717,8,9
0x838af27f7701a0f3087617ffd88180bb9eaae78a,0xb39a7ab455872b2b208fe4559d90b9c3436fa818,1606896360,0.9998759084869878,35.21934347952681,8,9
0x838af27f7701a0f3087617ffd88180bb9eaae78a,0xb39a7ab455872b2b208fe4559d90b9c3436fa818,1606995610,0.9998636678521906,35.45150924560837,8,9
0x838af27f7701a0f3087617ffd88180bb9eaae78a,0xb39a7ab455872b2b208fe4559d90b9c3436fa818,1607125673,0.99981277371717,35.84206073866397,8,9
0x838af27f7701a0f3087617ffd88180bb9eaae78a,0xb39a7ab455872b2b208fe4559d90b9c3436fa818,1607171604,0.9999351396063787,36.00953497718368,8,9
0x6ea90e36a1e2e0e8ba24b7a25f98b9ac5c32c81a,0x147418e0336a1b0d693f623110f68421b9b4a8d6,1609275757,0.9999840331193748,35.7119519859885,8,9
0x6ea90e36a1e2e0e8ba24b7a25f98b9ac5c32c81a,0x147418e0336a1b0d693f623110f68421b9b4a8d6,1609864784,0.9999949414815245,35.423795757435855,8,9
0x6ea90e36a1e2e0e8ba24b7a25f98b9ac5c32c81a,0x147418e0336a1b0d693f623110f68421b9b4a8d6,1610490807,0.9999957577451116,35.52814109151411,8,9
0x147418e0336a1b0d693f623110f68421b9b4a8d6,0x6ea90e36a1e2e0e8ba24b7a25f98b9ac5c32c81a,1609182790,0.9999839224408549,35.82365239731589,8,9
0x147418e0336a1b0d693f623110f68421b9b4a8d6,0x6ea90e36a1e2e0e8ba24b7a25f98b9ac5c32c81a,1609864654,0.9999950824969388,35.423866694669734,8,9
0x147418e0336a1b0d693f623110f68421b9b4a8d6,0x6ea90e36a1e2e0e8ba24b7a25f98b9ac5c32c81a,1610432692,0.9999957577451116,35.522069916089016,8,9
0x147418e0336a1b0d693f623110f68421b9b4a8d6,0x6ea90e36a1e2e0e8ba24b7a25f98b9ac5c32c81a,1611343296,0.9999948068655878,36.741303947350595,8,9
0x10b53d98c36e76e2830769d2d2cee53152a04e7a,0xe1e2a52a21226ba37f28ba6cdf59f20156798f94,1606158461,0.999807219883718,17.882391115970588,8,8
0x10b53d98c36e76e2830769d2d2cee53152a04e7a,0xe1e2a52a21226ba37f28ba6cdf59f20156798f94,1606336190,0.9996293449770743,17.817076996871954,8,8
0x10b53d98c36e76e2830769d2d2cee53152a04e7a,0xe1e2a52a21226ba37f28ba6cdf59f20156798f94,1606507145,0.999732881492949,17.798688175645054,8,8
0x10b53d98c36e76e2830769d2d2cee53152a04e7a,0xe1e2a52a21226ba37f28ba6cdf59f20156798f94,1606639050,0.9998169682519102,17.817834699655112,8,8
0x10b53d98c36e76e2830769d2d2cee53152a04e7a,0xe1e2a52a21226ba37f28ba6cdf59f20156798f94,1606669107,0.9999607346881029,17.82975316776607,8,8
0xc9684a40c915572e03aa259b78946f80cfa2e973,0x263a13fbe5416661d8ff67c5d98624d1553900ae,1606258891,0.999732357818265,30.996155116655196,8,8
0xc9684a40c915572e03aa259b78946f80cfa2e973,0x263a13fbe5416661d8ff67c5d98624d1553900ae,1606433346,0.99968543415478,30.861031305786824,8,8
0xc9684a40c915572e03aa259b78946f80cfa2e973,0x263a13fbe5416661d8ff67c5d98624d1553900ae,1606433714,0.9999999695378905,30.86016666710297,8,8
0xc9684a40c915572e03aa259b78946f80cfa2e973,0x263a13fbe5416661d8ff67c5d98624d1553900ae,1606735442,0.999927232420291,30.74511403546057,8,8
0xc9684a40c915572e03aa259b78946f80cfa2e973,0x263a13fbe5416661d8ff67c5d98624d1553900ae,1606736221,0.9996447305697134,30.745404282290014,8,8
0xc9684a40c915572e03aa259b78946f80cfa2e973,0x263a13fbe5416661d8ff67c5d98624d1553900ae,1606819682,0.9998917940862809,30.745296547314915,8,8
0xc9684a40c915572e03aa259b78946f80cfa2e973,0x263a13fbe5416661d8ff67c5d98624d1553900ae,1607107926,0.9996932051914583,30.74482218982765,8,8
0xc9684a40c915572e03aa259b78946f80cfa2e973,0x263a13fbe5416661d8ff67c5d98624d1553900ae,1607209868,0.9998419683243712,30.78469037881472,8,8
0xc9684a40c915572e03aa259b78946f80cfa2e973,0x263a13fbe5416661d8ff67c5d98624d1553900ae,1607811450,0.9998158732109849,31.248558074847857,8,8
0x15473182a3c70ecdf2eb4d252b730c77880b5d5e,0x6f9bb7e454f5b3eb2310343f0e99269dc2bb8a1d,1606442179,0.9995957170458973,23.80376654931118,8,8
0x15473182a3c70ecdf2eb4d252b730c77880b5d5e,0x6f9bb7e454f5b3eb2310343f0e99269dc2bb8a1d,1606605820,0.9998080784047046,23.701290710366287,8,8
0x15473182a3c70ecdf2eb4d252b730c77880b5d5e,0x6f9bb7e454f5b3eb2310343f0e99269dc2bb8a1d,1607211420,0.9992421703619638,23.509673790975654,8,8
0x15473182a3c70ecdf2eb4d252b730c77880b5d5e,0x6f9bb7e454f5b3eb2310343f0e99269dc2bb8a1d,1607387915,0.9998086161568627,23.506644019608903,8,8
0x15473182a3c70ecdf2eb4d252b730c77880b5d5e,0x6f9bb7e454f5b3eb2310343f0e99269dc2bb8a1d,1607623536,0.9997419159987472,23.579991182759265,8,8
0x15473182a3c70ecdf2eb4d252b730c77880b5d5e,0x6f9bb7e454f5b3eb2310343f0e99269dc2bb8a1d,1607741334,0.9998650292667454,23.65461754224041,8,8
0x15473182a3c70ecdf2eb4d252b730c77880b5d5e,0x6f9bb7e454f5b3eb2310343f0e99269dc2bb8a1d,1608609477,0.9999699142831163,24.459355438290697,8,8
0xa468489d3818a64f5ae4cada210ec06352e6745c,0xe2f3d02428d3e53e4d6e909a9fa0805b3364efc7,1616162571,0.9995767540026168,19.72981794251935,8,4
0xb2e114b3b6975f683969c4a5b4c60fcd5e7acb27,0x6a8233f6628e18176a6da70addabfd07e6d4dbc8,1606510473,0.9989892860783179,17.52734791690175,8,8
0x6a8233f6628e18176a6da70addabfd07e6d4dbc8,0xb2e114b3b6975f683969c4a5b4c60fcd5e7acb27,1609703818,0.999947680134281,17.67536863456497,8,8
0x6a8233f6628e18176a6da70addabfd07e6d4dbc8,0xb2e114b3b6975f683969c4a5b4c60fcd5e7acb27,1612307216,0.9999998830549223,17.527665687829487,8,8
0x6a8233f6628e18176a6da70addabfd07e6d4dbc8,0xb2e114b3b6975f683969c4a5b4c60fcd5e7acb27,1612308510,0.9989892860783179,17.527773696842605,8,8
0x4d049addaa7cd9681c7a0928c8503206b58fe0eb,0xc1b58ef526c627f34ff0eb6f8b43aecfce7ca844,1606927161,0.9999851685619864,19.370549298750774,8,8
0x4d049addaa7cd9681c7a0928c8503206b58fe0eb,0xc1b58ef526c627f34ff0eb6f8b43aecfce7ca844,1609197220,0.9998501576490331,21.749178418015646,8,8
0x4d049addaa7cd9681c7a0928c8503206b58fe0eb,0xc1b58ef526c627f34ff0eb6f8b43aecfce7ca844,1614894901,0.999911990087302,25.87979497027721,8,8
0xcf47d7b7001fbf081347a272887254a65ebeeaff,0x1ed4b3b2866fd3995ab1788c675ed3390a4d655d,1613530372,0.9997919880491235,23.53136932095206,8,6
0xcf47d7b7001fbf081347a272887254a65ebeeaff,0x1ed4b3b2866fd3995ab1788c675ed3390a4d655d,1616978314,0.9999301579437487,24.071882496924776,8,6
0x7ab9bec8fb673e6b2be69c5fd2c45eb203a9c2c1,0x64dcbead3b25b94c1c07158c8a6ad6517b95513e,1606580787,0.9992121606125904,29.377960538098073,8,8
0x7ab9bec8fb673e6b2be69c5fd2c45eb203a9c2c1,0x64dcbead3b25b94c1c07158c8a6ad6517b95513e,1606581181,0.9999998204984806,29.37684571165363,8,8
0x7ab9bec8fb673e6b2be69c5fd2c45eb203a9c2c1,0x64dcbead3b25b94c1c07158c8a6ad6517b95513e,1606945945,0.9996033728782299,29.34905722529886,8,8
0x7ab9bec8fb673e6b2be69c5fd2c45eb203a9c2c1,0x64dcbead3b25b94c1c07158c8a6ad6517b95513e,1607638218,0.9990621769253664,29.527181485774335,8,8
0x7ab9bec8fb673e6b2be69c5fd2c45eb203a9c2c1,0x64dcbead3b25b94c1c07158c8a6ad6517b95513e,1607918867,0.9996328014568304,29.583569490715472,8,8
0x7ab9bec8fb673e6b2be69c5fd2c45eb203a9c2c1,0x64dcbead3b25b94c1c07158c8a6ad6517b95513e,1608347392,0.999412171371108,29.653741193476705,8,8
0x7ab9bec8fb673e6b2be69c5fd2c45eb203a9c2c1,0x64dcbead3b25b94c1c07158c8a6ad6517b95513e,1608354271,0.9999871166494966,29.654077833025863,8,8
0x7ab9bec8fb673e6b2be69c5fd2c45eb203a9c2c1,0x64dcbead3b25b94c1c07158c8a6ad6517b95513e,1609211352,0.9984706162416365,30.064484826525756,8,8
0x0991d02f28a5283338e9591cbf7de2eb25da46cd,0x6bfdc42c1429430700a5a687679c9a1b896fe384,1607009387,0.9290064482819185,27.456308871023968,8,8
0x0991d02f28a5283338e9591cbf7de2eb25da46cd,0x6bfdc42c1429430700a5a687679c9a1b896fe384,1607063958,0.9968523036027953,25.620793639571623,8,8
0x0991d02f28a5283338e9591cbf7de2eb25da46cd,0x6bfdc42c1429430700a5a687679c9a1b896fe384,1607103165,0.997710581602152,25.19094820346968,8,8
0x0991d02f28a5283338e9591cbf7de2eb25da46cd,0x6bfdc42c1429430700a5a687679c9a1b896fe384,1607144711,0.9973612875679729,24.766605687191497,8,8
0x0991d02f28a5283338e9591cbf7de2eb25da46cd,0x51b9e9d4cc5b510c01c1c89468af5439bbb48086,1607923341,0.9612417621608588,18.307221801691764,8,8
0x0991d02f28a5283338e9591cbf7de2eb25da46cd,0x51b9e9d4cc5b510c01c1c89468af5439bbb48086,1608193909,0.9731302936187889,20.379870592020076,8,8
0x0991d02f28a5283338e9591cbf7de2eb25da46cd,0x51b9e9d4cc5b510c01c1c89468af5439bbb48086,1608265844,0.9625361329039551,21.392939824231654,8,8
0x6a1902bc0141cda8c7038439538785cfb8231080,0x9e1a135ff9ec51a35d63e99416451fab12f79376,1613732377,0.9889810658012088,22.04222728917994,8,8
0x6a1902bc0141cda8c7038439538785cfb8231080,0x9e1a135ff9ec51a35d63e99416451fab12f79376,1614158795,0.9911359365249497,21.93916197354855,8,8
0x6a1902bc0141cda8c7038439538785cfb8231080,0x9e1a135ff9ec51a35d63e99416451fab12f79376,1614389552,0.9888006030331905,21.949982906265653,8,8
0x6a1902bc0141cda8c7038439538785cfb8231080,0x9e1a135ff9ec51a35d63e99416451fab12f79376,1616631880,0.9942705024834697,22.567775816773125,8,8
0xfc9e0bdba0f561bfbf036590e8f18bcbd28e58bb,0xf71d161fdc3895f21612d79f15aa819b7a3d296a,1606759646,0.9983908076594418,37.74759785592676,8,9
0xfc9e0bdba0f561bfbf036590e8f18bcbd28e58bb,0xf71d161fdc3895f21612d79f15aa819b7a3d296a,1606760698,0.9988969549832891,37.744154931127596,8,9
0xfc9e0bdba0f561bfbf036590e8f18bcbd28e58bb,0xf71d161fdc3895f21612d79f15aa819b7a3d296a,1607159477,0.9989645322380656,37.32875678559005,8,9
0xfc9e0bdba0f561bfbf036590e8f18bcbd28e58bb,0xf71d161fdc3895f21612d79f15aa819b7a3d296a,1607159572,0.9975777470679983,37.33390974594661,8,9
0xfc9e0bdba0f561bfbf036590e8f18bcbd28e58bb,0xf71d161fdc3895f21612d79f15aa819b7a3d296a,1607263066,0.9990366445202016,37.272617374165804,8,9
0xfc9e0bdba0f561bfbf036590e8f18bcbd28e58bb,0xf71d161fdc3895f21612d79f15aa819b7a3d296a,1607368864,0.9990576003699557,37.2707128991456,8,9
0xfc9e0bdba0f561bfbf036590e8f18bcbd28e58bb,0xf71d161fdc3895f21612d79f15aa819b7a3d296a,1607531993,0.9985972417938476,37.35457828926581,8,9
0xfc9e0bdba0f561bfbf036590e8f18bcbd28e58bb,0xf71d161fdc3895f21612d79f15aa819b7a3d296a,1607711204,0.9984775633610784,37.536241256109555,8,9
0xfc9e0bdba0f561bfbf036590e8f18bcbd28e58bb,0xf71d161fdc3895f21612d79f15aa819b7a3d296a,1607847637,0.9991559647255814,37.7447758978089,8,9
0xfc9e0bdba0f561bfbf036590e8f18bcbd28e58bb,0xf71d161fdc3895f21612d79f15aa819b7a3d296a,1607847665,0.999864789899264,37.742282310154984,8,9
0x731915e8bc8369ed9d3314393b5c94f6b84a1485,0x2f798e725334adf9f635b938cdee8a97397d704b,1608098011,0.999996371118721,17.801458085481652,8,8
0x731915e8bc8369ed9d3314393b5c94f6b84a1485,0x2f798e725334adf9f635b938cdee8a97397d704b,1608098464,0.9676352195538095,18.178641627321888,8,8
0x06980d56d31e1434638d48df407e0646076e56b9,0x67a5242d128a1b37d6d5277498b10434e23ad8b4,1606842406,0.9999943598263584,22.76245372613009,8,8
0x06980d56d31e1434638d48df407e0646076e56b9,0x67a5242d128a1b37d6d5277498b10434e23ad8b4,1608379512,0.9996571978020279,22.798519153600314,8,8
0x06980d56d31e1434638d48df407e0646076e56b9,0x67a5242d128a1b37d6d5277498b10434e23ad8b4,1608379804,0.9999999284219165,22.797985122601773,8,8
0x06980d56d31e1434638d48df407e0646076e56b9,0x67a5242d128a1b37d6d5277498b10434e23ad8b4,1608746956,0.9998927873225251,22.907336933193044,8,8
0x06980d56d31e1434638d48df407e0646076e56b9,0x67a5242d128a1b37d6d5277498b10434e23ad8b4,1609510441,0.999891462702014,23.26965480070763,8,8
0xe6397af60c3b9a0a7fee3b32380d7de501c137d6,0x219e0b7550e8f6dc59ee9f6780040212d58947d6,1606850878,0.9997812255375321,24.088885662929318,8,8
0xe6397af60c3b9a0a7fee3b32380d7de501c137d6,0x219e0b7550e8f6dc59ee9f6780040212d58947d6,1606860616,0.9997395132496694,24.085402016853592,8,8
0xe6397af60c3b9a0a7fee3b32380d7de501c137d6,0x219e0b7550e8f6dc59ee9f6780040212d58947d6,1606879315,0.9999234361896158,24.094028935779452,8,8
0xe6397af60c3b9a0a7fee3b32380d7de501c137d6,0x4236ae5ceecea21e131524b050e9407c0cb98ebd,1606854705,1.0,16.03892143975071,8,8
0xe6397af60c3b9a0a7fee3b32380d7de501c137d6,0x4236ae5ceecea21e131524b050e9407c0cb98ebd,1606854997,0.9998483352177743,16.039061031908254,8,8
0xe6397af60c3b9a0a7fee3b32380d7de501c137d6,0xe6397af60c3b9a0a7fee3b32380d7de501c137d6,1606854847,0.9998483352177743,24.379956846490707,8,8
0xe6397af60c3b9a0a7fee3b32380d7de501c137d6,0xb7601b5d3b6ec5f44954667c8664b3a26a7b8abf,1611364093,0.999996371118721,18.75481180173967,8,8
0xe6397af60c3b9a0a7fee3b32380d7de501c137d6,0xb7601b5d3b6ec5f44954667c8664b3a26a7b8abf,1611364410,0.9994479871515202,18.755361155968732,8,8
0x219e0b7550e8f6dc59ee9f6780040212d58947d6,0xe6397af60c3b9a0a7fee3b32380d7de501c137d6,1608646505,0.9999835691042424,25.179986799618312,8,8
0x219e0b7550e8f6dc59ee9f6780040212d58947d6,0xe6397af60c3b9a0a7fee3b32380d7de501c137d6,1611362705,0.9994443622755063,26.298045904093485,8,8
0x4236ae5ceecea21e131524b050e9407c0cb98ebd,0xe6397af60c3b9a0a7fee3b32380d7de501c137d6,1606855449,0.9998483352177743,16.038910044607565,8,8
0x7ca8f97c1e14f4ef62395848e50c0a2ba166c187,0x8336a3f56931138497651a787cbdc2a3b8b9c333,1606928262,1.0,29.24986393654518,8,8
0x7ca8f97c1e14f4ef62395848e50c0a2ba166c187,0x8336a3f56931138497651a787cbdc2a3b8b9c333,1606929604,1.0,29.248771400141027,8,8
0x7ca8f97c1e14f4ef62395848e50c0a2ba166c187,0x8336a3f56931138497651a787cbdc2a3b8b9c333,1607054056,0.9999962122275708,29.171743376980643,8,8
0xf685eddd53914cc3eb1d5745e3a16cd65a20fc3b,0x148943a0d2166a9ecac8aded18dc7ac709bd0420,1606935687,0.996125801717119,31.468059984655767,8,8
0xf685eddd53914cc3eb1d5745e3a16cd65a20fc3b,0x148943a0d2166a9ecac8aded18dc7ac709bd0420,1607176411,0.9994759391231524,30.30803020205671,8,8
0x148943a0d2166a9ecac8aded18dc7ac709bd0420,0xf685eddd53914cc3eb1d5745e3a16cd65a20fc3b,1606935687,1.0,31.439902937293326,8,8
0x148943a0d2166a9ecac8aded18dc7ac709bd0420,0xf685eddd53914cc3eb1d5745e3a16cd65a20fc3b,1607176411,1.0,30.303926889949516,8,8
0xad41301fcf08b2d180fa99f6e5d03ceb63cf4fcc,0xddd49a87ff8a024831643aa1a0d3c57b0d9bde8c,1606935746,0.9996452688910964,24.63506792995698,8,8
0xad41301fcf08b2d180fa99f6e5d03ceb63cf4fcc,0xddd49a87ff8a024831643aa1a0d3c57b0d9bde8c,1607115733,0.9995483392793886,24.72972047840974,8,8
0xad41301fcf08b2d180fa99f6e5d03ceb63cf4fcc,0xddd49a87ff8a024831643aa1a0d3c57b0d9bde8c,1607116508,0.9999981085227684,24.72840952652339,8,8
0xad41301fcf08b2d180fa99f6e5d03ceb63cf4fcc,0xddd49a87ff8a024831643aa1a0d3c57b0d9bde8c,1607352913,0.9994930956231807,24.973014527829516,8,8
0xad41301fcf08b2d180fa99f6e5d03ceb63cf4fcc,0xddd49a87ff8a024831643aa1a0d3c57b0d9bde8c,1607434336,0.9997742531331427,25.09678585527814,8,8
0xad41301fcf08b2d180fa99f6e5d03ceb63cf4fcc,0xddd49a87ff8a024831643aa1a0d3c57b0d9bde8c,1607858033,0.9989997615941912,25.95677574532325,8,8
0x735660e3c4049988393471d60817f0983852aee6,0x8accd979861cf88ee69e664c92d40b8d44cc65b1,1606937486,0.9807394799878805,35.30530516155967,8,9
0x735660e3c4049988393471d60817f0983852aee6,0x8accd979861cf88ee69e664c92d40b8d44cc65b1,1606937954,0.9992580986040889,35.20651063761695,8,9
0x735660e3c4049988393471d60817f0983852aee6,0x8accd979861cf88ee69e664c92d40b8d44cc65b1,1606973303,0.9897255375674572,35.18126140988334,8,9
0x735660e3c4049988393471d60817f0983852aee6,0x8accd979861cf88ee69e664c92d40b8d44cc65b1,1606973454,0.9995935605863656,35.12872365482621,8,9
0x735660e3c4049988393471d60817f0983852aee6,0x8accd979861cf88ee69e664c92d40b8d44cc65b1,1607150604,0.9836817717463978,35.029668012884294,8,9
0x735660e3c4049988393471d60817f0983852aee6,0xe4e8f73096301b0938b896a79521088633b85b75,1607074988,0.9983951185595796,20.513498853734212,8,8
0x8accd979861cf88ee69e664c92d40b8d44cc65b1,0x735660e3c4049988393471d60817f0983852aee6,1606937486,0.999803650830644,35.20483190238114,8,9
0x8accd979861cf88ee69e664c92d40b8d44cc65b1,0x735660e3c4049988393471d60817f0983852aee6,1606937954,1.0,35.20261856929122,8,9
0x8accd979861cf88ee69e664c92d40b8d44cc65b1,0x735660e3c4049988393471d60817f0983852aee6,1606973303,1.0,35.12684140692811,8,9
0x8accd979861cf88ee69e664c92d40b8d44cc65b1,0x735660e3c4049988393471d60817f0983852aee6,1606973454,1.0,35.126576168300275,8,9
0x8accd979861cf88ee69e664c92d40b8d44cc65b1,0x735660e3c4049988393471d60817f0983852aee6,1607150604,0.9999856168139877,34.941664008390475,8,9
0x1921d286664c4b17b9eabb89b75501c02507f894,0x735660e3c4049988393471d60817f0983852aee6,1606938883,0.9999930603396998,36.34067663447773,8,9
0x1921d286664c4b17b9eabb89b75501c02507f894,0x735660e3c4049988393471d60817f0983852aee6,1606973384,0.9995935605863656,36.2625966795282,8,9
0x1921d286664c4b17b9eabb89b75501c02507f894,0x735660e3c4049988393471d60817f0983852aee6,1606973639,0.9999955814039084,36.259435798350474,8,9
0x1921d286664c4b17b9eabb89b75501c02507f894,0x735660e3c4049988393471d60817f0983852aee6,1607074717,0.998399523023298,36.19450942135071,8,9
0x1921d286664c4b17b9eabb89b75501c02507f894,0x735660e3c4049988393471d60817f0983852aee6,1607150141,0.9988543562916795,36.192496592708466,8,9
0x1921d286664c4b17b9eabb89b75501c02507f894,0x735660e3c4049988393471d60817f0983852aee6,1607150675,0.9999921973798181,36.18426278519492,8,9
0x1921d286664c4b17b9eabb89b75501c02507f894,0x735660e3c4049988393471d60817f0983852aee6,1607300483,0.9968738309322728,36.32610902817766,8,9
0x1921d286664c4b17b9eabb89b75501c02507f894,0x735660e3c4049988393471d60817f0983852aee6,1607386784,0.9983951077499464,36.449861387441466,8,9
0x1921d286664c4b17b9eabb89b75501c02507f894,0x735660e3c4049988393471d60817f0983852aee6,1607643214,0.9954378200487067,37.0633973262073,8,9
0x1921d286664c4b17b9eabb89b75501c02507f894,0x735660e3c4049988393471d60817f0983852aee6,1607645143,0.9999857319927719,37.03802337510484,8,9
0x9f1b047c36feeecaa9c9dc45a49ab22118aff707,0xb38925fb78aded6510e0cc36d54e2e5098986415,1608339186,0.9978306461987803,16.185105749131246,8,8
0x9f1b047c36feeecaa9c9dc45a49ab22118aff707,0xb38925fb78aded6510e0cc36d54e2e5098986415,1608347392,0.9948055764268054,16.185140708873593,8,8
0xd291328a6c202c5b18dcb24f279f69de1e065f70,0xf467180437e4899022849ca881c122e83ff1624e,1606973039,0.9999407140860276,16.172801623659783,8,8
0x6bfdc42c1429430700a5a687679c9a1b896fe384,0x0991d02f28a5283338e9591cbf7de2eb25da46cd,1607009387,1.0,26.14985205101432,8,8
0xa2b0370846a4df507e2dc88160602a565ed8697b,0x332125e6ace5cae8f7db8aeb081ce0f56f29ffec,1607170414,0.9999595725618998,21.390156327788926,8,4
0x78b077513b22225cf14fd78d2534308ba4a3eea5,0xc105a696ecc97ab7d6655bf0e16d03f8ba9fb536,1607174456,0.9997471323584931,32.65201613364964,8,8
0x78b077513b22225cf14fd78d2534308ba4a3eea5,0xc105a696ecc97ab7d6655bf0e16d03f8ba9fb536,1607259369,0.9997426247176097,32.542789762635785,8,8
0x78b077513b22225cf14fd78d2534308ba4a3eea5,0xc105a696ecc97ab7d6655bf0e16d03f8ba9fb536,1607358774,0.9997474765953317,32.4674428321315,8,8
0x78b077513b22225cf14fd78d2534308ba4a3eea5,0xc105a696ecc97ab7d6655bf0e16d03f8ba9fb536,1607476282,0.9996358469319457,32.43909413566709,8,8
0x78b077513b22225cf14fd78d2534308ba4a3eea5,0xc105a696ecc97ab7d6655bf0e16d03f8ba9fb536,1607740911,0.9992612917266612,32.51443222380188,8,8
0x78b077513b22225cf14fd78d2534308ba4a3eea5,0xc105a696ecc97ab7d6655bf0e16d03f8ba9fb536,1607968682,0.9993753203201557,32.69093826108309,8,8
0x78b077513b22225cf14fd78d2534308ba4a3eea5,0xc105a696ecc97ab7d6655bf0e16d03f8ba9fb536,1608167256,0.9994425516531105,32.94501390342749,8,8
0x78b077513b22225cf14fd78d2534308ba4a3eea5,0xc105a696ecc97ab7d6655bf0e16d03f8ba9fb536,1608248056,0.9997461124105271,33.044945219633206,8,8
0x78b077513b22225cf14fd78d2534308ba4a3eea5,0xc105a696ecc97ab7d6655bf0e16d03f8ba9fb536,1608342122,0.9996837322038324,33.2126517974716,8,8
0x78b077513b22225cf14fd78d2534308ba4a3eea5,0xc105a696ecc97ab7d6655bf0e16d03f8ba9fb536,1608343984,0.9999955386601518,33.21473973061117,8,8
0x72435e2e3d9947bf04bf7c7feb33a3e81b063414,0xb199f4934316e5b93453708bb63c7febe7f53cd2,1612365273,0.9991781132981739,19.83640415126935,8,8
0x9bdeebf2c3792bab43a5c97399acc5e9861fe4cd,0xdea605d8ca4da7eb007f4bd6664b49da52f8c05b,1607231133,0.9992768814452031,22.125169865736897,8,8
0x9bdeebf2c3792bab43a5c97399acc5e9861fe4cd,0xdea605d8ca4da7eb007f4bd6664b49da52f8c05b,1612166988,0.9997728035782535,22.818604500644184,8,8
0x8a0f9d33a896e162acd85b3d3f6999c9e345c4dd,0x645b2ff9633b17f73ef1f4aadf65a6f04b35ed63,1607235346,0.9426963741025689,16.692506086382867,8,8
0x645b2ff9633b17f73ef1f4aadf65a6f04b35ed63,0x8a0f9d33a896e162acd85b3d3f6999c9e345c4dd,1607235346,1.0,16.425439629495983,8,8
0xfc2a1bcc68f0800b06692c70b19bfc92b4cc262c,0x8a0f9d33a896e162acd85b3d3f6999c9e345c4dd,1607309000,0.9982376463387859,28.322412400852226,8,8
0xfc2a1bcc68f0800b06692c70b19bfc92b4cc262c,0x8a0f9d33a896e162acd85b3d3f6999c9e345c4dd,1607402673,0.9978215882970863,28.16415960721194,8,8
0xfc2a1bcc68f0800b06692c70b19bfc92b4cc262c,0x8a0f9d33a896e162acd85b3d3f6999c9e345c4dd,1607487980,0.9980772643921565,28.065610391245336,8,8
0xfc2a1bcc68f0800b06692c70b19bfc92b4cc262c,0x8a0f9d33a896e162acd85b3d3f6999c9e345c4dd,1607574374,0.9980721531067386,28.01671334387652,8,8
0xfc2a1bcc68f0800b06692c70b19bfc92b4cc262c,0x8a0f9d33a896e162acd85b3d3f6999c9e345c4dd,1607666308,0.9979623576209341,28.01796905574867,8,8
0xfc2a1bcc68f0800b06692c70b19bfc92b4cc262c,0x8a0f9d33a896e162acd85b3d3f6999c9e345c4dd,1607753709,0.9980044535069568,28.06848631409615,8,8
0xfc2a1bcc68f0800b06692c70b19bfc92b4cc262c,0x8a0f9d33a896e162acd85b3d3f6999c9e345c4dd,1608047581,0.9933878849295478,28.424409644396473,8,8
0xfc2a1bcc68f0800b06692c70b19bfc92b4cc262c,0x8a0f9d33a896e162acd85b3d3f6999c9e345c4dd,1608048799,0.9999716402669274,28.392477087488896,8,8
0x8bd1b5f34537612af8044d891f52342d21c429b4,0xd066c8b0585bc878062e47688c3132750a7244d6,1617461029,0.9998565718141134,15.61815184946254,8,6
0xbb127566a4ed246ee35387e82ffff63249e53a87,0xf05ccae1396681055b12013327b384c426aa3361,1607466018,0.9963168380809886,14.551894077295868,8,7
0xf05ccae1396681055b12013327b384c426aa3361,0xbb127566a4ed246ee35387e82ffff63249e53a87,1608365795,0.9999447257908674,14.616221882806904,8,7
0xf05ccae1396681055b12013327b384c426aa3361,0xbb127566a4ed246ee35387e82ffff63249e53a87,1612784808,0.9963168380809886,14.603796250835334,8,7
0xf05ccae1396681055b12013327b384c426aa3361,0xbb127566a4ed246ee35387e82ffff63249e53a87,1612822062,0.9999241020531203,14.600680051674514,8,7
0x089820e19fcaf83f968ac15ba0f097de2113f7ea,0x8bd1b5f34537612af8044d891f52342d21c429b4,1617460953,0.999856571815105,27.113648633861487,8,7
0xbe6f4f5db6a47a0b57f3145daa006ee15b946b3c,0xade97e34439fee98aa010e0e2cc194a3d2ccd9f8,1619420770,0.9998461060474824,38.186362565460705,8,9
0x90326507c57607b9ab2ae6c5fd273d4645dc23e4,0xb24dca776c1257248024f8fb4315d5f5009217fe,1607587779,0.997957593562891,32.448246547344425,8,8
0x90326507c57607b9ab2ae6c5fd273d4645dc23e4,0xb24dca776c1257248024f8fb4315d5f5009217fe,1607763078,0.9983987929594362,32.37184007757746,8,8
0x90326507c57607b9ab2ae6c5fd273d4645dc23e4,0xb24dca776c1257248024f8fb4315d5f5009217fe,1607857980,0.9994183803698459,32.35727027534848,8,8
0x90326507c57607b9ab2ae6c5fd273d4645dc23e4,0xb24dca776c1257248024f8fb4315d5f5009217fe,1607976747,0.9993033345915273,32.374267051724516,8,8
0x90326507c57607b9ab2ae6c5fd273d4645dc23e4,0xb24dca776c1257248024f8fb4315d5f5009217fe,1608040615,0.9996126221148229,32.40089033903364,8,8
0x90326507c57607b9ab2ae6c5fd273d4645dc23e4,0xb24dca776c1257248024f8fb4315d5f5009217fe,1608286782,0.9992485535974079,32.50377678981884,8,8
0x33310754621634167f6e086cecac9526ffd243f2,0xee3bcf65cb61839fb538d2ec29a93ca3a0168235,1609965704,0.9995215580185047,16.988412471693042,8,4
0x33310754621634167f6e086cecac9526ffd243f2,0x162a3a065ab0256b8cb4f652b0cb7776c5daf081,1615404501,0.9991428338645018,35.39971772988517,8,9
0x33310754621634167f6e086cecac9526ffd243f2,0x162a3a065ab0256b8cb4f652b0cb7776c5daf081,1616305653,0.9995743178113777,35.104755919817755,8,9
0x5bbb65fe6e990f2dcdf95fe7e71f07264c5993ac,0x981b5f37ffe8a4b9d27a98859401b4c402238d15,1607751951,0.9528031741798664,35.85193870631162,8,9
0x5bbb65fe6e990f2dcdf95fe7e71f07264c5993ac,0x981b5f37ffe8a4b9d27a98859401b4c402238d15,1607754587,0.9988212745588642,35.640479470670925,8,9
0x5bbb65fe6e990f2dcdf95fe7e71f07264c5993ac,0x981b5f37ffe8a4b9d27a98859401b4c402238d15,1607947537,0.9965467229952163,35.29536435572079,8,9
0x5bbb65fe6e990f2dcdf95fe7e71f07264c5993ac,0x981b5f37ffe8a4b9d27a98859401b4c402238d15,1608163505,0.9855394228462968,35.02232166630596,8,9
0x5bbb65fe6e990f2dcdf95fe7e71f07264c5993ac,0x981b5f37ffe8a4b9d27a98859401b4c402238d15,1608166427,0.9916319135826068,34.98982365902802,8,9
0x5bbb65fe6e990f2dcdf95fe7e71f07264c5993ac,0x31c6de4241dffaebf55cc50de8004ca21754cbb4,1612409595,0.9927235286717944,17.723309098205156,8,10
0x5bbb65fe6e990f2dcdf95fe7e71f07264c5993ac,0x34e2b2dd53f465a98b85a49cdffb403ac94312fb,1608341221,0.9680127758769407,20.182989975224576,8,8
0x981b5f37ffe8a4b9d27a98859401b4c402238d15,0x5bbb65fe6e990f2dcdf95fe7e71f07264c5993ac,1607751951,1.0,35.64108390250849,8,9
0x981b5f37ffe8a4b9d27a98859401b4c402238d15,0x5bbb65fe6e990f2dcdf95fe7e71f07264c5993ac,1607754587,1.0,35.63527136530281,8,9
0x981b5f37ffe8a4b9d27a98859401b4c402238d15,0x5bbb65fe6e990f2dcdf95fe7e71f07264c5993ac,1607947537,1.0,35.27948278030226,8,9
0x981b5f37ffe8a4b9d27a98859401b4c402238d15,0x5bbb65fe6e990f2dcdf95fe7e71f07264c5993ac,1608163505,1.0,34.953265928935636,8,9
0x981b5f37ffe8a4b9d27a98859401b4c402238d15,0x5bbb65fe6e990f2dcdf95fe7e71f07264c5993ac,1608166427,1.0,34.94990956812593,8,9
0x548331371b3b79ac995932ffd8f18823e36cf8c8,0x5bbb65fe6e990f2dcdf95fe7e71f07264c5993ac,1607758594,0.9999001995692502,33.22713583094585,8,8
0x548331371b3b79ac995932ffd8f18823e36cf8c8,0x5bbb65fe6e990f2dcdf95fe7e71f07264c5993ac,1607947048,0.9966458550917204,32.86582159911864,8,8
0x548331371b3b79ac995932ffd8f18823e36cf8c8,0x5bbb65fe6e990f2dcdf95fe7e71f07264c5993ac,1607947622,0.9999920567656396,32.843356608447614,8,8
0x548331371b3b79ac995932ffd8f18823e36cf8c8,0x5bbb65fe6e990f2dcdf95fe7e71f07264c5993ac,1608158204,0.9957577659084096,32.5927963267697,8,8
0x548331371b3b79ac995932ffd8f18823e36cf8c8,0x5bbb65fe6e990f2dcdf95fe7e71f07264c5993ac,1608163563,0.9998968749841328,32.55857599984616,8,8
0x548331371b3b79ac995932ffd8f18823e36cf8c8,0x5bbb65fe6e990f2dcdf95fe7e71f07264c5993ac,1608167650,0.9998985150947033,32.5571463541061,8,8
0x548331371b3b79ac995932ffd8f18823e36cf8c8,0x5bbb65fe6e990f2dcdf95fe7e71f07264c5993ac,1608284781,0.9967485019243226,32.59838319828254,8,8
0x548331371b3b79ac995932ffd8f18823e36cf8c8,0x5bbb65fe6e990f2dcdf95fe7e71f07264c5993ac,1608340851,0.9984742472370002,32.63836366665831,8,8
0x38a99f45b0cc2b2cb6cec68e23049bb4f84529b2,0xe7139555f4e86c25f85f51fed23ff6a03fe30f26,1607775392,0.981698558934452,17.00513281039231,8,8
0xe864166688e95618920e32619753e23175f189ce,0x7f40582896a4b09a45770562e5149d02f7741f7c,1607861191,0.9679556834945305,21.558427603969317,8,8
0xe864166688e95618920e32619753e23175f189ce,0x7f40582896a4b09a45770562e5149d02f7741f7c,1607870284,0.9689236141797334,21.515141276667986,8,8
0x7f40582896a4b09a45770562e5149d02f7741f7c,0xe864166688e95618920e32619753e23175f189ce,1607861191,1.0,21.328204161468868,8,8
0x7f40582896a4b09a45770562e5149d02f7741f7c,0xe864166688e95618920e32619753e23175f189ce,1607870284,1.0,21.291350132762165,8,8
0x7625a59914574c1a8d571222bb559e20acf1b572,0xe864166688e95618920e32619753e23175f189ce,1608111408,0.9980720571779633,40.29280034543552,8,9
0x7625a59914574c1a8d571222bb559e20acf1b572,0xe864166688e95618920e32619753e23175f189ce,1608326514,0.994864348174772,40.09323421294211,8,9
0x7625a59914574c1a8d571222bb559e20acf1b572,0xe864166688e95618920e32619753e23175f189ce,1608376064,0.9987784948292335,40.04221448795354,8,9
0x7625a59914574c1a8d571222bb559e20acf1b572,0xe864166688e95618920e32619753e23175f189ce,1608460031,0.9980765730833793,40.08306423647086,8,9
0x7625a59914574c1a8d571222bb559e20acf1b572,0xe864166688e95618920e32619753e23175f189ce,1608676468,0.9966649164664625,40.3396017048496,8,9
0x744ac3b28e9c61db64bcb53de3654a1e4aa369ec,0x986ccf5234d9cfbb25246f1a5bfa51f4ccfcb308,1607993944,0.9998995531268811,20.52326611523135,8,8
0x9ab456999400e87edb1463c9fd2b4230115642a0,0x38a99f45b0cc2b2cb6cec68e23049bb4f84529b2,1608048947,0.9987302635404064,26.565380535101564,8,8
0x9ab456999400e87edb1463c9fd2b4230115642a0,0x38a99f45b0cc2b2cb6cec68e23049bb4f84529b2,1608127366,0.9996097463766385,26.3607070540242,8,8
0x9ab456999400e87edb1463c9fd2b4230115642a0,0x38a99f45b0cc2b2cb6cec68e23049bb4f84529b2,1608345510,0.9989751056550015,25.973059317547467,8,8
0x9ab456999400e87edb1463c9fd2b4230115642a0,0x38a99f45b0cc2b2cb6cec68e23049bb4f84529b2,1608444685,0.9995213573125857,25.859333541776735,8,8
0x9ab456999400e87edb1463c9fd2b4230115642a0,0x38a99f45b0cc2b2cb6cec68e23049bb4f84529b2,1608601388,0.9995143388993248,25.92748556144922,8,8
0x9ab456999400e87edb1463c9fd2b4230115642a0,0x38a99f45b0cc2b2cb6cec68e23049bb4f84529b2,1608953306,0.9989691131866755,26.312760505683958,8,8
0x9ab456999400e87edb1463c9fd2b4230115642a0,0x38a99f45b0cc2b2cb6cec68e23049bb4f84529b2,1609160006,0.9993528265629045,26.661595179579,8,8
0x4a53b7d50d87a22c24a3a7334a6f54f934b1346c,0xe2716fc30d1fb588dc96a160d461ae9870c4c498,1608107849,0.9999918854251819,23.66156644963252,8,8
0x4a53b7d50d87a22c24a3a7334a6f54f934b1346c,0xe2716fc30d1fb588dc96a160d461ae9870c4c498,1608384191,0.9997827569995609,23.66358960629817,8,8
0x4a53b7d50d87a22c24a3a7334a6f54f934b1346c,0xe2716fc30d1fb588dc96a160d461ae9870c4c498,1608385932,0.9999981153408378,23.662998908887012,8,8
0x4a53b7d50d87a22c24a3a7334a6f54f934b1346c,0xe2716fc30d1fb588dc96a160d461ae9870c4c498,1608385986,0.9999999685077622,23.66299340929121,8,8
0x4a53b7d50d87a22c24a3a7334a6f54f934b1346c,0xe2716fc30d1fb588dc96a160d461ae9870c4c498,1608828657,0.9996563079149332,24.05335096645308,8,8
0x923b167e3026869c15fbcf2e82e4429e4dc97cbb,0x5314f7c54e85e034e0d4467ac0de0d67f292aa71,1608337177,0.9763484249783594,32.257378721304335,8,7
0x923b167e3026869c15fbcf2e82e4429e4dc97cbb,0x5314f7c54e85e034e0d4467ac0de0d67f292aa71,1608343246,0.9841729501210866,32.22168503172851,8,7
0x923b167e3026869c15fbcf2e82e4429e4dc97cbb,0x5314f7c54e85e034e0d4467ac0de0d67f292aa71,1608347257,0.9874692358496708,32.207088058388265,8,7
0x923b167e3026869c15fbcf2e82e4429e4dc97cbb,0x5314f7c54e85e034e0d4467ac0de0d67f292aa71,1608347318,0.9766060553171948,32.24626413501453,8,7
0xeca3c88ef0c24a8ee89b6fa645156dc5d748fe82,0x926c1ee640987d3b5bdb3713db10cfa68d0519fc,1608337634,0.992620181231922,26.38995847874914,8,8
0xeca3c88ef0c24a8ee89b6fa645156dc5d748fe82,0x926c1ee640987d3b5bdb3713db10cfa68d0519fc,1608347303,0.9950328563944324,26.38680247665264,8,8
0xeca3c88ef0c24a8ee89b6fa645156dc5d748fe82,0x926c1ee640987d3b5bdb3713db10cfa68d0519fc,1612364121,0.9883848798728375,26.036278637201814,8,8
0xeca3c88ef0c24a8ee89b6fa645156dc5d748fe82,0x926c1ee640987d3b5bdb3713db10cfa68d0519fc,1614423054,0.984766976840497,25.454271647229067,8,8
0xeca3c88ef0c24a8ee89b6fa645156dc5d748fe82,0x926c1ee640987d3b5bdb3713db10cfa68d0519fc,1614423209,0.9863496063809198,25.452393074600636,8,8
0xeca3c88ef0c24a8ee89b6fa645156dc5d748fe82,0x926c1ee640987d3b5bdb3713db10cfa68d0519fc,1616976105,0.9916719679599975,25.95707476480702,8,8
0xeca3c88ef0c24a8ee89b6fa645156dc5d748fe82,0xeffe8e4f61f91f425f6f5107c3847cc6f2fd8bc0,1615973425,0.9765956482665966,17.655669168356585,8,8
0x9cc5258aa0b2e6b81b144076546d7c459c1726e2,0xd9bb0b2c1df3c7fe135c53d6ef1ff138eb1748fe,1616977314,0.9998038665640383,19.952072997046187,8,8
0x9cc5258aa0b2e6b81b144076546d7c459c1726e2,0xd9bb0b2c1df3c7fe135c53d6ef1ff138eb1748fe,1619654615,0.9958638335354668,19.765539559282026,8,8
0x9cc5258aa0b2e6b81b144076546d7c459c1726e2,0xd9bb0b2c1df3c7fe135c53d6ef1ff138eb1748fe,1619658211,0.9999569017558002,19.76249978533288,8,8
0x61a98bb86f52f76d2f2fcc2545715f81ea53bcb4,0xc0ab4e0261c1d00f7492cf29ff216f3598004454,1608674477,0.9994691866582567,18.40456949187781,8,8
0x61a98bb86f52f76d2f2fcc2545715f81ea53bcb4,0xc0ab4e0261c1d00f7492cf29ff216f3598004454,1608677149,0.996960107036663,18.406685545543755,8,8
0xc0ab4e0261c1d00f7492cf29ff216f3598004454,0x61a98bb86f52f76d2f2fcc2545715f81ea53bcb4,1612614885,0.9997694632162889,18.898531415117315,8,8
0xc0ab4e0261c1d00f7492cf29ff216f3598004454,0x61a98bb86f52f76d2f2fcc2545715f81ea53bcb4,1615047121,0.996432515169855,19.155617403147442,8,8
0x2eaf4b85819a8ad22774062ee31814831471fbe3,0x2eaf4b85819a8ad22774062ee31814831471fbe3,1611035522,0.9999173001599562,16.219472220704098,8,8
0x3814a2f48bc96d73ef786b7b443e075c70617c76,0xcf540b1cef4656f5e01c306613a6683d31c31d3d,1611196717,0.9995998235643772,26.691756396180942,8,8
0x3814a2f48bc96d73ef786b7b443e075c70617c76,0xcf540b1cef4656f5e01c306613a6683d31c31d3d,1612523120,0.99976952918719,25.831141964029058,8,8
0x3814a2f48bc96d73ef786b7b443e075c70617c76,0xcf540b1cef4656f5e01c306613a6683d31c31d3d,1613864148,0.9997709306971863,26.09537777626094,8,8
0x3814a2f48bc96d73ef786b7b443e075c70617c76,0xcf540b1cef4656f5e01c306613a6683d31c31d3d,1614642644,0.9998675294035898,26.36714662619189,8,8
0x3814a2f48bc96d73ef786b7b443e075c70617c76,0xcf540b1cef4656f5e01c306613a6683d31c31d3d,1615600716,0.9998535360311935,26.873840876094953,8,8
0x3814a2f48bc96d73ef786b7b443e075c70617c76,0x15c1c0fd25aadd77212103544abf3e012db8c32b,1612522053,1.0,15.087869911970202,8,7
0xbaa2bb3146f345ab86ded222a20a40d62a165265,0x3814a2f48bc96d73ef786b7b443e075c70617c76,1611196558,0.9995998235643772,27.964876295903927,8,8
0xbaa2bb3146f345ab86ded222a20a40d62a165265,0x3814a2f48bc96d73ef786b7b443e075c70617c76,1612521898,0.99976952918719,27.254329080114793,8,8
0xbaa2bb3146f345ab86ded222a20a40d62a165265,0x3814a2f48bc96d73ef786b7b443e075c70617c76,1613863324,0.9997709306971863,27.39710364877461,8,8
0xbaa2bb3146f345ab86ded222a20a40d62a165265,0x3814a2f48bc96d73ef786b7b443e075c70617c76,1614641448,0.9998675294035898,27.673577786263355,8,8
0xbaa2bb3146f345ab86ded222a20a40d62a165265,0x3814a2f48bc96d73ef786b7b443e075c70617c76,1615600057,0.9998535360311935,28.270840177549744,8,8
0xbaa2bb3146f345ab86ded222a20a40d62a165265,0x3814a2f48bc96d73ef786b7b443e075c70617c76,1621506417,1.0,16.016214754626255,8,8
0xd7cbb6d35ebe07eae8f7add1d7054e9153c8e7bb,0xe81ea0682e9431efdbe27ce204f930bb204099c7,1609124870,0.986044815036905,19.580703670547074,8,8
0xd7cbb6d35ebe07eae8f7add1d7054e9153c8e7bb,0xe81ea0682e9431efdbe27ce204f930bb204099c7,1609454991,0.9960165449495326,19.53527265343627,8,8
0x3cc89fa9aa5f638d4e2c61ef142b60f6099597ce,0x986ccf5234d9cfbb25246f1a5bfa51f4ccfcb308,1609099835,0.9994716093000384,20.01988535829615,8,8
0x078dfac9938fb6dc4e5f0a689fa06f1dd5ef7136,0x5a73fae3fa13a945e73997f1b641c5d4b63c1a0c,1609161453,0.9946020012448683,29.133681374979382,8,8
0x078dfac9938fb6dc4e5f0a689fa06f1dd5ef7136,0x5a73fae3fa13a945e73997f1b641c5d4b63c1a0c,1609455998,0.9959463878121798,29.07094034316131,8,8
0xe81ea0682e9431efdbe27ce204f930bb204099c7,0xd7cbb6d35ebe07eae8f7add1d7054e9153c8e7bb,1611351875,0.9992247851898735,19.7142842957046,8,8
0xe81ea0682e9431efdbe27ce204f930bb204099c7,0xd7cbb6d35ebe07eae8f7add1d7054e9153c8e7bb,1612031942,0.9999999549043295,19.748923409739337,8,8
0xe81ea0682e9431efdbe27ce204f930bb204099c7,0xd7cbb6d35ebe07eae8f7add1d7054e9153c8e7bb,1614891122,0.9821715486095062,20.116301612025914,8,8
0x747ad02267188593cb44f9e869208b0d3b6345bf,0xe075fa31603194b969fde12615b579755310d79d,1609390622,0.9996372421961909,16.008266793886975,8,8
0x747ad02267188593cb44f9e869208b0d3b6345bf,0xe075fa31603194b969fde12615b579755310d79d,1609391117,0.9994270649105188,16.00826046490412,8,8
0xee4b56ab5769685afc785083270d89ea0df90d55,0x360c897475ff38189203839f4d16a407cd44f781,1614446203,0.9996797549315124,32.99819577022209,8,8
0x313faac7adf1a362a0e7d7b877f3f98635e2f804,0xee4b56ab5769685afc785083270d89ea0df90d55,1612352460,0.9996332026406408,15.875067485017743,8,10
0xe069cb01d06ba617bcdf789bf2ff0d5e5ca20c71,0xa60386690de9e51c99357a4a73ef7e08b157613b,1609642287,0.9818250475329803,24.40135919380283,8,4
0xf44bfe039cae19d897d6348498da22c303f55e7b,0x3ebd0f5c29c6cff48f7ad8d49578857c0602114c,1609642248,0.9952574471526215,21.698219998267614,8,8
0xf44bfe039cae19d897d6348498da22c303f55e7b,0x3ebd0f5c29c6cff48f7ad8d49578857c0602114c,1610064365,0.9955742207330983,23.934295134402344,8,8
0x9f5a4868ccb63d25a3706758e64ab5a6f2adb899,0x2954e8c0e28d1bb6e9f93f690003d395d4cadf89,1609734838,0.9978815939191534,40.17094280500773,8,9
0x9f5a4868ccb63d25a3706758e64ab5a6f2adb899,0x2954e8c0e28d1bb6e9f93f690003d395d4cadf89,1613025318,0.9970227531241413,36.11927076046568,8,9
0x9f5a4868ccb63d25a3706758e64ab5a6f2adb899,0x2954e8c0e28d1bb6e9f93f690003d395d4cadf89,1613876599,0.997250030530016,34.93388711713979,8,9
0x9f5a4868ccb63d25a3706758e64ab5a6f2adb899,0x2954e8c0e28d1bb6e9f93f690003d395d4cadf89,1613889890,0.9910088641253463,34.94948201067407,8,9
0x9f5a4868ccb63d25a3706758e64ab5a6f2adb899,0x2954e8c0e28d1bb6e9f93f690003d395d4cadf89,1614621079,0.9927479650602075,34.71815146300424,8,9
0x9f5a4868ccb63d25a3706758e64ab5a6f2adb899,0x2954e8c0e28d1bb6e9f93f690003d395d4cadf89,1616364877,0.9963842268113776,35.55482164380993,8,9
0x0a728a9a5ed6c925a267a60aa3a303017c87d449,0xdb1093a0c712292742603987d3a06ac2e9cfbe15,1609829018,0.999188486551087,15.34499816966229,8,7
0xc47a39cdf409260de675439f6228045ef41e7ebf,0x82b003ec47ed9f121bece8b4e597ca9a57eddca4,1609945968,0.9963838665415705,21.31187783497423,8,8
0xc47a39cdf409260de675439f6228045ef41e7ebf,0x1bb3102f5954f66ea0db76cc33d99c2d4c917c93,1610000828,0.9988057073199305,26.587747903893927,8,8
0xc47a39cdf409260de675439f6228045ef41e7ebf,0x1bb3102f5954f66ea0db76cc33d99c2d4c917c93,1612356027,0.9984214781526409,27.442823329675033,8,8
0xc47a39cdf409260de675439f6228045ef41e7ebf,0x1bb3102f5954f66ea0db76cc33d99c2d4c917c93,1613038464,0.9998000813702493,27.819455243904716,8,8
0xc47a39cdf409260de675439f6228045ef41e7ebf,0x1bb3102f5954f66ea0db76cc33d99c2d4c917c93,1614341469,0.9999074302801765,28.665971158336692,8,8
0xc47a39cdf409260de675439f6228045ef41e7ebf,0x1bb3102f5954f66ea0db76cc33d99c2d4c917c93,1617270352,0.9981888390320548,29.906464962948114,8,8
0xc47a39cdf409260de675439f6228045ef41e7ebf,0x1bb3102f5954f66ea0db76cc33d99c2d4c917c93,1617271175,0.998188477456053,29.906552902426704,8,8
0x82b003ec47ed9f121bece8b4e597ca9a57eddca4,0xc47a39cdf409260de675439f6228045ef41e7ebf,1613001501,0.9997855341824237,21.33755637074224,8,8
0x82b003ec47ed9f121bece8b4e597ca9a57eddca4,0xc47a39cdf409260de675439f6228045ef41e7ebf,1614166275,0.9999219810166297,21.820107714616142,8,8
0x82b003ec47ed9f121bece8b4e597ca9a57eddca4,0xc47a39cdf409260de675439f6228045ef41e7ebf,1617267025,1.0,22.63092828680452,8,8
0x5bcf90439a80ffe8e78851680dec95427b263b28,0x5ca8b539ffe5b4c5fb5e8e0fb82826f439030b41,1610064381,0.9793151838976301,20.48559566888655,8,8
0x5bcf90439a80ffe8e78851680dec95427b263b28,0x5ca8b539ffe5b4c5fb5e8e0fb82826f439030b41,1612397194,0.9895095319041205,19.588009641234457,8,8
0x5bcf90439a80ffe8e78851680dec95427b263b28,0x5ca8b539ffe5b4c5fb5e8e0fb82826f439030b41,1614422889,0.9843636069584104,18.92623818958822,8,8
0x5bcf90439a80ffe8e78851680dec95427b263b28,0x5ca8b539ffe5b4c5fb5e8e0fb82826f439030b41,1614423262,0.9876057255732188,18.921551995468675,8,8
0x5bcf90439a80ffe8e78851680dec95427b263b28,0x5ca8b539ffe5b4c5fb5e8e0fb82826f439030b41,1614423439,0.9884821952626115,18.92025353565968,8,8
0xeb8477736ad661584ca659a0cbd5ad697d9799de,0x5a73fae3fa13a945e73997f1b641c5d4b63c1a0c,1611423819,0.9954857280536059,35.5476016956169,8,6
0xeb8477736ad661584ca659a0cbd5ad697d9799de,0x5a73fae3fa13a945e73997f1b641c5d4b63c1a0c,1611429093,0.9955111854201509,35.54804854618496,8,6
0x0a920b24b23c04ef385c13be28f6a82a663289b6,0x35818be22cfe38310a51ce584957817618b4c6ef,1610448529,0.9996463978666118,19.55749976960788,8,8
0x0a920b24b23c04ef385c13be28f6a82a663289b6,0x35818be22cfe38310a51ce584957817618b4c6ef,1610626600,0.9996949143321768,19.530789685261357,8,8
0x0a920b24b23c04ef385c13be28f6a82a663289b6,0x002294ef488c6b7863cd7c5357800765d1854b04,1617013758,0.9999337212579166,14.961523314610798,8,7
0x0a920b24b23c04ef385c13be28f6a82a663289b6,0x002294ef488c6b7863cd7c5357800765d1854b04,1617325477,1.0,14.95734886608733,8,7
0x0a920b24b23c04ef385c13be28f6a82a663289b6,0x002294ef488c6b7863cd7c5357800765d1854b04,1617325687,0.9993397106472666,14.957357255205073,8,7
0x35818be22cfe38310a51ce584957817618b4c6ef,0x0a920b24b23c04ef385c13be28f6a82a663289b6,1617012712,0.999933721268482,19.522260061232654,8,8
0x35818be22cfe38310a51ce584957817618b4c6ef,0x0a920b24b23c04ef385c13be28f6a82a663289b6,1617325360,1.0,19.49887984546579,8,8
0x3c332863d35a2f6276a9cc4f2e28e751079f1ce7,0xf5e1087ca66ebff196f98a69d589fe09af71fa2e,1617384566,0.9999233653948477,18.930039551433417,8,8
0xfb5d19d1e2ef135546644f9a90824e11712e84af,0xbc1d5cc09a9e594c43553ef1d022a857be107f83,1615798927,0.9997334560668866,17.980437585344347,8,8
0xfb5d19d1e2ef135546644f9a90824e11712e84af,0xbc1d5cc09a9e594c43553ef1d022a857be107f83,1617432148,0.9999241618578995,17.871604156280807,8,8
0xf197a6ffea8d6b7ff0048b90f92ec9afa84a587a,0x5a629bb2feb200696cff9bef6187abfeffaa1383,1611430744,0.9979665544691422,18.183709042579938,8,8
0x40478295147cb3fb36441b0ae517a0a4b93d4ba1,0x4f9cb34f9554eb14f569579a74db7dbeafa54d11,1610817649,0.9976702468473934,22.44239895996279,8,8
0x40478295147cb3fb36441b0ae517a0a4b93d4ba1,0x4f9cb34f9554eb14f569579a74db7dbeafa54d11,1612111204,0.9999417307232464,22.202005517120202,8,8
0x40478295147cb3fb36441b0ae517a0a4b93d4ba1,0x4f9cb34f9554eb14f569579a74db7dbeafa54d11,1614473298,0.9998952748731548,22.218475283680775,8,8
0x4f9cb34f9554eb14f569579a74db7dbeafa54d11,0x40478295147cb3fb36441b0ae517a0a4b93d4ba1,1612110970,0.9999417307232464,22.202066274162473,8,8
0x4f9cb34f9554eb14f569579a74db7dbeafa54d11,0x40478295147cb3fb36441b0ae517a0a4b93d4ba1,1614470064,0.9998952748731548,22.218952219202656,8,8
0x4f9cb34f9554eb14f569579a74db7dbeafa54d11,0x40478295147cb3fb36441b0ae517a0a4b93d4ba1,1617124785,0.9998789285272994,22.469030118784517,8,8
0xf94554f45a957368cc3c94cf24f61b4ae687cdac,0x8da1011a0bcb97c44c8200fee7536a97fa8818e1,1622033878,0.9968997165641009,15.838009782841587,8,4
0x1c4f4f032f7432b4e6fb8a6f56d7e4de0291e750,0x80e2a94fb0fa17a0cefbbfd34546457cd8fd14d3,1612370049,1.0,17.426308338361405,8,8
0x1c4f4f032f7432b4e6fb8a6f56d7e4de0291e750,0x80e2a94fb0fa17a0cefbbfd34546457cd8fd14d3,1612371446,0.9963519991479483,17.429309177020667,8,8
0xaa6631f194fb9e4e8e668e98f5017ffc42c27e0a,0x6b71ddfed09d56c6e39e5cd84b0538e743268f39,1612214623,0.9967292045214414,16.21039494196221,8,8
0x6b71ddfed09d56c6e39e5cd84b0538e743268f39,0xaa6631f194fb9e4e8e668e98f5017ffc42c27e0a,1614626690,0.9998533545991937,15.811384121967516,8,8
0x6b71ddfed09d56c6e39e5cd84b0538e743268f39,0xaa6631f194fb9e4e8e668e98f5017ffc42c27e0a,1615366772,0.9999555128021356,15.798183220082676,8,8
0x6b71ddfed09d56c6e39e5cd84b0538e743268f39,0xaa6631f194fb9e4e8e668e98f5017ffc42c27e0a,1617273017,0.9999999872862443,16.076966776096775,8,8
0xf78f74a0f9104aa62864b93802260c3469167a9a,0x7b3593909ad1caf311405555c9016aa3fc6b8e2b,1620446459,0.9999539788188023,40.15126910285952,8,3
0xf78f74a0f9104aa62864b93802260c3469167a9a,0xdaaab51d33acebd9a9b1d844945d8ebc847bba85,1620604708,0.999988602118395,25.483162899854747,8,8
0xdef42c1b39b4207ff0a33ff3609cda3e156940d1,0x1d8d0d2125ed506ed239bcd2dcf15cc61ba72055,1612364434,0.9983952811112979,17.804339484292665,8,8
0xdef42c1b39b4207ff0a33ff3609cda3e156940d1,0x1d8d0d2125ed506ed239bcd2dcf15cc61ba72055,1612397220,0.9968293593180175,17.791504134254094,8,8
0xdef42c1b39b4207ff0a33ff3609cda3e156940d1,0x1d8d0d2125ed506ed239bcd2dcf15cc61ba72055,1616976193,0.9927945070509713,16.9904489685127,8,8
0x13cbf8f0c90f3e064cf6f93fb4f66f871fc36fc3,0x986ccf5234d9cfbb25246f1a5bfa51f4ccfcb308,1612365872,0.9990935986966964,18.559968754079627,8,8
0x80e2a94fb0fa17a0cefbbfd34546457cd8fd14d3,0x1c4f4f032f7432b4e6fb8a6f56d7e4de0291e750,1616356233,0.9997712832758873,17.700984870305497,8,8
0x80e2a94fb0fa17a0cefbbfd34546457cd8fd14d3,0x1c4f4f032f7432b4e6fb8a6f56d7e4de0291e750,1617314029,1.0,17.65526550263885,8,8
0xdd3fbb23648da1391ca065aded3ab1fcbd0bd07a,0x7fe86e4991ff9dcebfff4f8c2c9cfefb0ae7375c,1612479172,0.9983308277561826,20.38396028787898,8,8
0xdd3fbb23648da1391ca065aded3ab1fcbd0bd07a,0x7fe86e4991ff9dcebfff4f8c2c9cfefb0ae7375c,1612563522,0.9986051411518222,20.369975154801082,8,8
0x7fe86e4991ff9dcebfff4f8c2c9cfefb0ae7375c,0xdd3fbb23648da1391ca065aded3ab1fcbd0bd07a,1613175770,0.9999625022796322,20.461584450293202,8,8
0x7fe86e4991ff9dcebfff4f8c2c9cfefb0ae7375c,0xdd3fbb23648da1391ca065aded3ab1fcbd0bd07a,1615115412,0.9998918929335776,20.571132919254058,8,8
0x7fe86e4991ff9dcebfff4f8c2c9cfefb0ae7375c,0xdd3fbb23648da1391ca065aded3ab1fcbd0bd07a,1617244182,0.9999980897355705,21.06208581942946,8,8
0xdce127fc8cb9df1006d19023861c17c24627bb5b,0x986ccf5234d9cfbb25246f1a5bfa51f4ccfcb308,1612558680,0.9997557244075223,18.46187544198745,8,8
0x46a252371e8e765db304fa8ea330af6045ab404d,0x986ccf5234d9cfbb25246f1a5bfa51f4ccfcb308,1612727694,0.9996251204288875,18.447818846340056,8,8
0xf46733afaeb916176952b3672606dba981f3c94d,0x044dac7ae2cfc3c7b6a63736ccf33f4aaa680499,1617403784,1.0,14.540523895525713,8,7
0xf46733afaeb916176952b3672606dba981f3c94d,0x044dac7ae2cfc3c7b6a63736ccf33f4aaa680499,1617403963,0.9991383231825054,14.540726829558961,8,7
0xcd2e9514b2177452c99cfdcb0e54cf3f6ba60483,0xce4309bde843ed7d5a80c812e50294dea5ed66d4,1615008008,0.9954494358339103,36.47264295020465,8,9
0x3eae56964b8ce1cb52f395444c0f89577bd6bb49,0x32e28e146c62541e2830d3bed33946b37c2e57f0,1625101836,0.988596375924179,25.966697689780148,8,3
0x450550b28858c60581ab7c221eb1a9e478002e3d,0x15bfa06671ab1559bba881afe7b94c54abe3c75e,1622297808,0.9999688156320848,21.394277757649892,8,4
0x450550b28858c60581ab7c221eb1a9e478002e3d,0x15bfa06671ab1559bba881afe7b94c54abe3c75e,1623971289,0.9996372412644169,20.51230979723278,8,4
0x29242aa2c0ebc02f51a0d15518689e9c97db8cb5,0x3bd139128096eef64b7d9d822257835a266977b9,1613671884,0.996366213640171,17.918226706837416,8,8
0x29242aa2c0ebc02f51a0d15518689e9c97db8cb5,0xb66634e48e60d68f8c3f6fa31ddac1e8858fc01f,1615016240,0.9999110999899417,19.84635811551772,8,8
0x29242aa2c0ebc02f51a0d15518689e9c97db8cb5,0xb66634e48e60d68f8c3f6fa31ddac1e8858fc01f,1616398663,0.9999092858686034,19.99389870627506,8,8
0x29242aa2c0ebc02f51a0d15518689e9c97db8cb5,0xb66634e48e60d68f8c3f6fa31ddac1e8858fc01f,1622111587,0.9998566648698312,20.114781647051494,8,8
0x29242aa2c0ebc02f51a0d15518689e9c97db8cb5,0xb66634e48e60d68f8c3f6fa31ddac1e8858fc01f,1623382507,0.9998827996527248,20.14195780967014,8,8
0x3bd139128096eef64b7d9d822257835a266977b9,0x29242aa2c0ebc02f51a0d15518689e9c97db8cb5,1615015791,0.9999098936181142,17.620505286607372,8,8
0x3bd139128096eef64b7d9d822257835a266977b9,0x29242aa2c0ebc02f51a0d15518689e9c97db8cb5,1616397800,0.9999079386232979,17.592669182406986,8,8
0x5d8f96f6c4a88d3b1ff142a53124c31f60301c95,0x38c8f39df2501b8cfa727d4b29a2919151c4a48d,1613930584,0.9975090229480161,17.261314860508154,8,8
0x5d8f96f6c4a88d3b1ff142a53124c31f60301c95,0x38c8f39df2501b8cfa727d4b29a2919151c4a48d,1614028796,0.9991043305114612,17.233401546296797,8,8
0x38c8f39df2501b8cfa727d4b29a2919151c4a48d,0x5d8f96f6c4a88d3b1ff142a53124c31f60301c95,1616589391,0.999987962352869,17.11861078203321,8,8
0xa1f288a72fcbfb00e401cd2071eb3e8121fe7816,0xbe6f4f5db6a47a0b57f3145daa006ee15b946b3c,1617947115,0.996924924973596,38.35281797402568,8,9
0xc5d496bccf6780d2fc61ec31df37a887387bb114,0xf2b71d8e65e1ad6679119c2258070c55bf518312,1614423016,0.9946187929707996,17.661887744770592,8,8
0xc5d496bccf6780d2fc61ec31df37a887387bb114,0xf2b71d8e65e1ad6679119c2258070c55bf518312,1614423147,0.9950850866857952,17.661298123111177,8,8
0xc5d496bccf6780d2fc61ec31df37a887387bb114,0xf2b71d8e65e1ad6679119c2258070c55bf518312,1614430742,0.9961645106107134,17.660404906782,8,8
0x16f33b3d0272f897d9bc55282fa151215215602c,0xc52b58278c5a97771fb6be39c164dbf017c52d16,1614423209,0.9841532557504504,26.08716863981489,8,8
0x16f33b3d0272f897d9bc55282fa151215215602c,0xc52b58278c5a97771fb6be39c164dbf017c52d16,1614423294,0.9854465986960852,26.084708961817746,8,8
0x16f33b3d0272f897d9bc55282fa151215215602c,0xc52b58278c5a97771fb6be39c164dbf017c52d16,1614423338,0.9884372916379398,26.079210651573185,8,8
0x16f33b3d0272f897d9bc55282fa151215215602c,0xc52b58278c5a97771fb6be39c164dbf017c52d16,1616976447,0.9924527097501631,25.8957475406272,8,8
0x16f33b3d0272f897d9bc55282fa151215215602c,0xc52b58278c5a97771fb6be39c164dbf017c52d16,1618099450,0.9937495448831323,26.237417408243644,8,8
0x16f33b3d0272f897d9bc55282fa151215215602c,0xc52b58278c5a97771fb6be39c164dbf017c52d16,1619654489,0.9877104918080135,27.28939025858974,8,8
0x6e0a50c271fd972262e0af06ef26936234732236,0x986ccf5234d9cfbb25246f1a5bfa51f4ccfcb308,1614746256,0.9993963351505174,18.95141398792245,8,8
0x5f2529fa1c656e298d918e7bc585cba57eae9ab6,0xca35e03a02d19fa0837e8d4645f9888ae4c6b4d5,1617579860,0.9998843343104619,15.199591587138148,8,7
0x9e3b990275d40a5224dc5c4f7c8112a0006feaf1,0x986ccf5234d9cfbb25246f1a5bfa51f4ccfcb308,1615280177,0.999818587903615,19.152905243636816,8,8
0x9682285fd8ca37126cdfdad5e29dcaf9adbb975c,0x5715ff94777bcb60d70974a84971c4f362d8fb09,1615622406,0.9988532450346926,18.203174498818335,8,8
0x5715ff94777bcb60d70974a84971c4f362d8fb09,0x9682285fd8ca37126cdfdad5e29dcaf9adbb975c,1618175607,0.99974289237806,18.76591783285044,8,8
0xb3c9669a5706477a2b237d98edb9b57678926f04,0xe678a653f9df7696682af915d6f0847bac0573b8,1616248240,0.9915223055730567,21.788032193805083,8,8
0xb3c9669a5706477a2b237d98edb9b57678926f04,0x95df891d2d7f6a665b9b4bd078ad2e47f5ae7aa3,1620296937,0.999683420572637,17.076848366262787,8,8
0xb3c9669a5706477a2b237d98edb9b57678926f04,0xc257adc095bd1606da85cd94ea11b447ed3a5108,1621388536,0.9998087677098512,17.921017155474132,8,8
0xb3c9669a5706477a2b237d98edb9b57678926f04,0x1f569399a0722055b932eed610cc3b2533853443,1622251620,0.9979642783840694,22.1459771451661,8,8
0xcfc387b2d9bb52200d942752f44a41d658ee82de,0xf37b1a35647e4efc1afec5bb870e0bcbf1ac2ffc,1616297388,0.9976733369999745,38.891674329153666,8,9
0xcfc387b2d9bb52200d942752f44a41d658ee82de,0xf37b1a35647e4efc1afec5bb870e0bcbf1ac2ffc,1616297568,0.9972855692399843,38.89693301673256,8,9
0xcfc387b2d9bb52200d942752f44a41d658ee82de,0xf37b1a35647e4efc1afec5bb870e0bcbf1ac2ffc,1616297654,0.9972863901204715,38.89591168182792,8,9
0xcfc387b2d9bb52200d942752f44a41d658ee82de,0xf37b1a35647e4efc1afec5bb870e0bcbf1ac2ffc,1616300052,0.9974280871623882,38.8681852513678,8,9
0xcfc387b2d9bb52200d942752f44a41d658ee82de,0xf37b1a35647e4efc1afec5bb870e0bcbf1ac2ffc,1616300138,0.997571107378181,38.864629176618884,8,9
0xcfc387b2d9bb52200d942752f44a41d658ee82de,0xf37b1a35647e4efc1afec5bb870e0bcbf1ac2ffc,1616741427,0.9972966976288128,36.19327126601486,8,9
0xcfc387b2d9bb52200d942752f44a41d658ee82de,0xf37b1a35647e4efc1afec5bb870e0bcbf1ac2ffc,1616896876,0.9972602887301548,35.596484218684886,8,9
0xcfc387b2d9bb52200d942752f44a41d658ee82de,0xf37b1a35647e4efc1afec5bb870e0bcbf1ac2ffc,1616897648,0.9974065681161112,35.59077372155847,8,9
0xcfc387b2d9bb52200d942752f44a41d658ee82de,0xf37b1a35647e4efc1afec5bb870e0bcbf1ac2ffc,1616897899,0.9974588165293182,35.58892594837923,8,9
0xcfc387b2d9bb52200d942752f44a41d658ee82de,0xf37b1a35647e4efc1afec5bb870e0bcbf1ac2ffc,1616904432,0.9974614840431599,35.57676586313646,8,9
0xcfc387b2d9bb52200d942752f44a41d658ee82de,0xf37b1a35647e4efc1afec5bb870e0bcbf1ac2ffc,1616976128,0.9975760806102544,35.48782291498204,8,9
0xcfc387b2d9bb52200d942752f44a41d658ee82de,0xf37b1a35647e4efc1afec5bb870e0bcbf1ac2ffc,1617411379,0.9975507736675967,35.61620238011309,8,9
0xcfc387b2d9bb52200d942752f44a41d658ee82de,0xf37b1a35647e4efc1afec5bb870e0bcbf1ac2ffc,1617840923,0.9971475097414617,36.34966224696687,8,9
0x8e4aacdba75fe05c94836f95b011151df5bbd603,0xf6da21e95d74767009accb145b96897ac3630bad,1616297604,0.9999811097055077,22.91714823253784,8,8
0xaffecd2db98540e6d8a09b1a1de2d73bab79446f,0x47cd5f5b58333e1e8dac19ea76a9ee15903417b4,1625121829,0.999996371118721,26.17558070031887,8,4
0xaffecd2db98540e6d8a09b1a1de2d73bab79446f,0x47cd5f5b58333e1e8dac19ea76a9ee15903417b4,1625122887,0.9928159682363477,26.17708362045933,8,4
0xd7f3a54f3895bacba33d2e754477541e4e88f980,0x6a2549d5c1c421827a70a30a1b44622b8bfd6ce7,1616828575,0.9996372421961909,15.683992371738897,8,8
0xd7f3a54f3895bacba33d2e754477541e4e88f980,0x6a2549d5c1c421827a70a30a1b44622b8bfd6ce7,1616890387,0.9999043712791265,15.653462179267438,8,8
0x922ccfca4ddccfafc726383dc68d59e77b1791bc,0xb3c9669a5706477a2b237d98edb9b57678926f04,1619521170,0.9997096243083028,18.225683827743755,8,8
0x487e8a629237724328a0eb7abb1553f62cc40005,0x220bda5c8994804ac96ebe4df184d25e5c2196d4,1649090025,0.998259666444499,17.440098385747355,8,8
0x0584e00142918069705e3e396336a5a9af40c169,0x26d26b1a0243566d1cd38ff9afd5fd3f0fb6cbb4,1619135129,0.9999223605907227,38.537294055492886,8,8
0x0584e00142918069705e3e396336a5a9af40c169,0x26d26b1a0243566d1cd38ff9afd5fd3f0fb6cbb4,1622141099,0.9996435020948553,31.507034879849336,8,8
0x0584e00142918069705e3e396336a5a9af40c169,0x26d26b1a0243566d1cd38ff9afd5fd3f0fb6cbb4,1622143808,0.999696548510873,31.50028368587668,8,8
0x0584e00142918069705e3e396336a5a9af40c169,0x26d26b1a0243566d1cd38ff9afd5fd3f0fb6cbb4,1622143872,0.9997007158192728,31.500140835501355,8,8
0x0584e00142918069705e3e396336a5a9af40c169,0x26d26b1a0243566d1cd38ff9afd5fd3f0fb6cbb4,1622143880,0.9997039058679206,31.500111819857757,8,8
0x26d26b1a0243566d1cd38ff9afd5fd3f0fb6cbb4,0xfa7321d7fbe95d43ec76e8aa14fb4551b476dd41,1619135129,0.9999223605907227,19.23060174740147,8,8
0x26d26b1a0243566d1cd38ff9afd5fd3f0fb6cbb4,0x0584e00142918069705e3e396336a5a9af40c169,1622159640,0.9996516207730399,31.487555874954428,8,8
0x26d26b1a0243566d1cd38ff9afd5fd3f0fb6cbb4,0x0584e00142918069705e3e396336a5a9af40c169,1622159694,0.9996407417921583,31.487606713099098,8,8
0x26d26b1a0243566d1cd38ff9afd5fd3f0fb6cbb4,0x0584e00142918069705e3e396336a5a9af40c169,1622186933,0.9994524636688484,31.49901678178614,8,8
0x26d26b1a0243566d1cd38ff9afd5fd3f0fb6cbb4,0x0584e00142918069705e3e396336a5a9af40c169,1622696754,0.9998750395655878,31.956389641867364,8,8
0x26d26b1a0243566d1cd38ff9afd5fd3f0fb6cbb4,0x0584e00142918069705e3e396336a5a9af40c169,1623071043,0.9998739586111256,32.693795844554096,8,8
0xeca5aa947466e4e31e9b8087ac811578064ec430,0x3948b414159a1d61ceefa18095dcc8218cc89a8f,1621790344,0.9990888352362578,31.394807697911958,8,10
0xeca5aa947466e4e31e9b8087ac811578064ec430,0x3948b414159a1d61ceefa18095dcc8218cc89a8f,1622039872,0.9996270887654252,31.522221674106447,8,10
0xb2c8abb101fa5292dd077e33737bd8257ca294d2,0xd82ba5a8b002444f691acaade1dcc872c7918d29,1619858957,0.9999172680517301,14.58061183209791,8,7
0xb2c8abb101fa5292dd077e33737bd8257ca294d2,0xd82ba5a8b002444f691acaade1dcc872c7918d29,1619859297,0.9899410828189075,14.587350501654484,8,7
0x9aba5431a19cb06d25e704648f8bdd0ec6ffa41f,0x9aba5431a19cb06d25e704648f8bdd0ec6ffa41f,1620147521,0.9999689096549373,21.00261544492134,8,8
0x9aba5431a19cb06d25e704648f8bdd0ec6ffa41f,0x9aba5431a19cb06d25e704648f8bdd0ec6ffa41f,1620166950,0.9999689096549373,20.994173013912103,8,8
0x9aba5431a19cb06d25e704648f8bdd0ec6ffa41f,0x9aba5431a19cb06d25e704648f8bdd0ec6ffa41f,1620193122,0.9999689096549373,20.982752263461126,8,8
0x9aba5431a19cb06d25e704648f8bdd0ec6ffa41f,0x9aba5431a19cb06d25e704648f8bdd0ec6ffa41f,1622255211,0.9999689096549373,19.936485744872932,8,8
0x97458ecb41409cd97593a162fee23d8eabd7ec78,0xf78f74a0f9104aa62864b93802260c3469167a9a,1620807556,0.9998539323177855,32.3077344534376,8,8
0xb786b48ef35ac105600ac59f803a7258766bf841,0x099cd242f7f40f45e11bac39fa5ee858f6d6dd15,1621572247,1.0,19.523308694576073,8,8
0xb786b48ef35ac105600ac59f803a7258766bf841,0x099cd242f7f40f45e11bac39fa5ee858f6d6dd15,1621572437,0.9977900429105919,19.542539068407127,8,8
0xb786b48ef35ac105600ac59f803a7258766bf841,0x099cd242f7f40f45e11bac39fa5ee858f6d6dd15,1622043047,0.9977244904890801,17.12807816693285,8,8
0x3cc34851b3b931c46c2d6993c4807dfbb61b9b68,0xb3c9669a5706477a2b237d98edb9b57678926f04,1623546787,0.9987123828663491,19.11576680536796,8,8
0x8e17a634039445851ef6aa94c1426a6a37a8d178,0x5d6d2b7f71eaaf56a26e1eb5d02c652f0fc43160,1624372765,0.975935015248714,22.33911364590863,8,8
0x5d6d2b7f71eaaf56a26e1eb5d02c652f0fc43160,0xc4480b795e9f5ea5db6f60044679448874a6fbe1,1626773717,0.998731498084091,19.86398687215849,8,8
0xe49cd7ec59a5600ef25c32de4d31b172916f816d,0x1bd435f3c054b6e901b7b108a0ab7617c808677b,1627044871,0.9899413010251753,17.321698415882103,8,8
0xe49cd7ec59a5600ef25c32de4d31b172916f816d,0x1bd435f3c054b6e901b7b108a0ab7617c808677b,1627060587,0.991517393474729,17.321359563186643,8,8
0x1bd435f3c054b6e901b7b108a0ab7617c808677b,0xe49cd7ec59a5600ef25c32de4d31b172916f816d,1626968225,0.9951238084575407,17.350349110486146,8,8
0x1bd435f3c054b6e901b7b108a0ab7617c808677b,0xe49cd7ec59a5600ef25c32de4d31b172916f816d,1626987362,0.9907728524580199,17.345452487684177,8,8
0xb28bdc7157fe6397d2fa46a18a7022bd23ccb20b,0x4172b78a86695bbfabd4d319323ae0a696cf9f2a,1632267625,1.0,24.9808361650858,8,8
0xb28bdc7157fe6397d2fa46a18a7022bd23ccb20b,0x4172b78a86695bbfabd4d319323ae0a696cf9f2a,1635954171,1.0,24.029013398496147,8,8
0xb28bdc7157fe6397d2fa46a18a7022bd23ccb20b,0x4172b78a86695bbfabd4d319323ae0a696cf9f2a,1636234898,0.9946033623709712,24.343831613997814,8,8
0xb28bdc7157fe6397d2fa46a18a7022bd23ccb20b,0x4172b78a86695bbfabd4d319323ae0a696cf9f2a,1636236750,0.9945850509726336,24.345790601050542,8,8
0x594d29fce68bdd38f54fde370508801094fe7afd,0x9ea39651739f6c025d0770695a822b7187605f42,1633297528,0.9928753452098772,15.419506890509716,8,6
0xe62ca123c2d427d4e4b60f11718c3b834e425c05,0xb8cd6d5a30d5a731867a930a44abd4c69e889800,1632042056,0.9999758079798081,38.10267019147241,8,9
0x8903d8c93bedbf3a853268c7cb5f3886c2414bf9,0xb8cd6d5a30d5a731867a930a44abd4c69e889800,1632042853,0.9999758079798081,38.10227479724003,8,9
0x80677287a178d56599f843e2c7e2ca127f71f1da,0xb8cd6d5a30d5a731867a930a44abd4c69e889800,1632041041,0.9999758079798081,38.103173704409336,8,9
0x2f9a1c20233162d68458f7ad6593188f61748add,0xb8cd6d5a30d5a731867a930a44abd4c69e889800,1632038991,0.9999758079798081,38.104190543067396,8,9
0x8004e27720198a167645a69ae7a47b9a4d9f01a9,0xb8cd6d5a30d5a731867a930a44abd4c69e889800,1632048765,0.9999758079798081,38.099341150397535,8,9
0x21c4a541d6ad5b01191641b9e31145193fe1f3bc,0xb8cd6d5a30d5a731867a930a44abd4c69e889800,1632044435,0.9999758079798081,38.101489896992675,8,9
0x1595ba56dd3134026bc2209de33fc389d48e28da,0xb8cd6d5a30d5a731867a930a44abd4c69e889800,1632038174,0.9999758079798081,38.10459574994893,8,9
0x9b5a001cea0c8a2107cf4ac25509d6a73c02fcd8,0xb8cd6d5a30d5a731867a930a44abd4c69e889800,1632039753,0.9999758079798081,38.10381259367476,8,9
0x50dd9c1a9e22d60bf98f9ca0a30df8a123131180,0xb8cd6d5a30d5a731867a930a44abd4c69e889800,1632049062,0.9999758079798081,38.09919374153661,8,9
0x12f1a75df11e3da70f1989a11484ef7800e3d98c,0xb8cd6d5a30d5a731867a930a44abd4c69e889800,1632046847,0.9999758079798081,38.100293030665945,8,9
0x325885e55c28552e6ee5650f4e09ec9ede80a422,0xb8cd6d5a30d5a731867a930a44abd4c69e889800,1632039516,0.9999758079798081,38.103930147016484,8,9
0x6a4379ae0b84d45132e74b35450c0fd4884bc1f3,0xb8cd6d5a30d5a731867a930a44abd4c69e889800,1632040328,0.9999758079798081,38.10352738234306,8,9
0x29e11f1b940e87f87240dda7abab872b89fa8596,0xb8cd6d5a30d5a731867a930a44abd4c69e889800,1632039289,0.9999758079798081,38.104042738479386,8,9
0xfdab22d32d1334d8837938ebeb4fb74c7ddd77fe,0xb8cd6d5a30d5a731867a930a44abd4c69e889800,1632043464,0.9999758079798081,38.101971663334176,8,9
0x05c69ce32740d4bfb5ac3e4e8d716ccbe8146924,0xb8cd6d5a30d5a731867a930a44abd4c69e889800,1632041582,0.9999758079798081,38.1029053339665,8,9
0x0e6f7b107906c14e639787e59d88e20074588a55,0xb8cd6d5a30d5a731867a930a44abd4c69e889800,1632040025,0.9999758079798081,38.10367767773991,8,9
0x13cd657492b66a2f641cef9bce8d8d9bac062150,0xb8cd6d5a30d5a731867a930a44abd4c69e889800,1632040544,0.9999758079798081,38.103420239131204,8,9
0x2f38c975eafcdefc812e726f61790a4c49f44b70,0xb8cd6d5a30d5a731867a930a44abd4c69e889800,1632041252,0.9999758079798081,38.10306903617979,8,9
0x2180e112e74437b1b8e15af891dea4c3fb5c460a,0xb8cd6d5a30d5a731867a930a44abd4c69e889800,1632385919,0.9999758079798081,38.26243423143364,8,9
0x689bd1a0e14878132811a7044b4428b449e50160,0xb8cd6d5a30d5a731867a930a44abd4c69e889800,1632045046,0.9999758079798081,38.10118672969901,8,9
0xdb234fd65b82863802031bfad96e44ee76cd5c84,0xb8cd6d5a30d5a731867a930a44abd4c69e889800,1632038444,0.9999758079798081,38.104461840806074,8,9
0xb79efa8d21800386eebf2bdeb5c63160e9087c70,0xb8cd6d5a30d5a731867a930a44abd4c69e889800,1632049799,0.9999758079798081,38.09882793604349,8,9
0xc2187aa18bab8f9e571407900fa49129d3379ab3,0xb8cd6d5a30d5a731867a930a44abd4c69e889800,1632043583,0.9999758079798081,38.10191262266034,8,9
0x367b47298fe67e53423bef84957ba825187f5b12,0xb8cd6d5a30d5a731867a930a44abd4c69e889800,1632050627,0.9999758079798081,38.09841694092186,8,9
0x699e6f41772422c524ca91978db01d028e171261,0xb8cd6d5a30d5a731867a930a44abd4c69e889800,1632049635,0.9999758079798081,38.09890933807121,8,9
0x87418f5bbd9c93db0f7881914dcfdacea3e16f43,0xb8cd6d5a30d5a731867a930a44abd4c69e889800,1632047837,0.9999758079798081,38.09980172144882,8,9
0xd32717990544798bb6b39634478828ca1a5341bb,0xb8cd6d5a30d5a731867a930a44abd4c69e889800,1632045238,0.9999758079798081,38.10109146006445,8,9
0x9138abaed1bb837ed4f68c0182c3a0202cb2055f,0xb8cd6d5a30d5a731867a930a44abd4c69e889800,1632047967,0.9999758079798081,38.09973720358597,8,9
0xca8b28a143d5d2fc75de54fc831cd64483fb58bf,0xb8cd6d5a30d5a731867a930a44abd4c69e889800,1632044759,0.9999758079798081,38.10132913558154,8,9
0x977eed30b393f93fbe38a1505c3c1fa160f0fb23,0xb8cd6d5a30d5a731867a930a44abd4c69e889800,1632043283,0.9999758079798081,38.10206146375724,8,9
0xde66cba69f0b0a2bbab62fbb89262fc3b32e6cb5,0xb8cd6d5a30d5a731867a930a44abd4c69e889800,1632050805,0.9999758079798081,38.09832858381322,8,9
0x00a69055eba63062724b7b9f48e6680c7387d8b1,0xb8cd6d5a30d5a731867a930a44abd4c69e889800,1632043887,0.9999758079798081,38.101761793843856,8,9
0x300741dcc7471156fc90b57b37abbcbf6d594f21,0xb8cd6d5a30d5a731867a930a44abd4c69e889800,1632048307,0.9999758079798081,38.09956846180454,8,9
0x60e7a630244c1b37f23ff40da2fd1f21ddc1dd29,0xb8cd6d5a30d5a731867a930a44abd4c69e889800,1632385699,0.9999758079798081,38.262327728382054,8,9
0x3cdfb23644d184a4b27e343c5309c151634858b3,0xb8cd6d5a30d5a731867a930a44abd4c69e889800,1632042284,0.9999758079798081,38.10255708218988,8,9
0xbcfc320b3175d2cbc644f587afabe3b25e9a3ae0,0xb8cd6d5a30d5a731867a930a44abd4c69e889800,1632040794,0.9999758079798081,38.10329622876946,8,9
0x29f2b3aa671d7a69860187831cf65a69946801de,0xb8cd6d5a30d5a731867a930a44abd4c69e889800,1632386153,0.9999758079798081,38.26254750987809,8,9
0xc10aed9288d02b38b207baecc4463a3234850110,0x09e0d345fc022d1c4393803a16fe734e6d563a1c,1633297637,0.9910771186294732,15.51818778977188,8,7
0x387c157bb83b289371134a9cd248f66bbc243cb1,0x382ffce2287252f930e1c8dc9328dac5bf282ba1,1636738326,0.9999861624258526,36.84447972717509,8,9
0x387c157bb83b289371134a9cd248f66bbc243cb1,0x382ffce2287252f930e1c8dc9328dac5bf282ba1,1636771781,0.999990734714178,36.83464995726857,8,9
0x387c157bb83b289371134a9cd248f66bbc243cb1,0x382ffce2287252f930e1c8dc9328dac5bf282ba1,1637103047,0.9999908113447934,36.838383893171496,8,9
0x387c157bb83b289371134a9cd248f66bbc243cb1,0x382ffce2287252f930e1c8dc9328dac5bf282ba1,1637961962,0.9999922080682481,37.09048610515705,8,9
0x4fa34df6787005e7c5da0020e668b44b0367e061,0xa4346d7a83d8fcff26273de19fc954756401414e,1637137874,0.9845995888418233,15.420757794631443,8,8
0x4fa34df6787005e7c5da0020e668b44b0367e061,0xa4346d7a83d8fcff26273de19fc954756401414e,1640919380,0.9957728948783247,15.596567796015046,8,8
0x4fa34df6787005e7c5da0020e668b44b0367e061,0xa4346d7a83d8fcff26273de19fc954756401414e,1645613017,0.9906229305575943,16.456804956183618,8,8
0x5b0c70a5590273e0652cd6b8d6a01f48007d0a47,0x382ffce2287252f930e1c8dc9328dac5bf282ba1,1637864212,0.9999975922682676,38.29568063267352,8,9
0x5b0c70a5590273e0652cd6b8d6a01f48007d0a47,0x382ffce2287252f930e1c8dc9328dac5bf282ba1,1637865249,0.9999980687438051,38.29567880035444,8,9
0x5b0c70a5590273e0652cd6b8d6a01f48007d0a47,0x382ffce2287252f930e1c8dc9328dac5bf282ba1,1678228919,0.9999864378450777,31.651983459996636,8,9
0xbbb6ef032838fbd280849e7f5f6df326860e6f6b,0x220bda5c8994804ac96ebe4df184d25e5c2196d4,1646278445,0.9851370316396387,14.988207237012675,8,7
0xdd56a5c540c68fc348dfa04ae6bc51bd301363a4,0x1ed16f8f13bc88f3ad45986912ddfd6ae7b94691,1637434842,0.9963685758077205,24.702949602902898,8,8
0xdd56a5c540c68fc348dfa04ae6bc51bd301363a4,0x1ed16f8f13bc88f3ad45986912ddfd6ae7b94691,1637485385,0.9980013558744333,24.64257865873633,8,8
0xdd56a5c540c68fc348dfa04ae6bc51bd301363a4,0x1ed16f8f13bc88f3ad45986912ddfd6ae7b94691,1637489695,0.9980121697570744,24.637690959868834,8,8
0xdd56a5c540c68fc348dfa04ae6bc51bd301363a4,0x1ed16f8f13bc88f3ad45986912ddfd6ae7b94691,1637493302,0.9951064892611377,24.64029993128318,8,8
0x8177a3409ee05da2b38f9a8d76761d270d70064b,0xa1d8d972560c2f8144af871db508f0b0b10a3fbf,1642272565,0.9984874621945005,33.59456965332465,8,7
0xabd69d0fac4b0851dafe100979df808eb7fb81a9,0xa1d8d972560c2f8144af871db508f0b0b10a3fbf,1642269720,0.9951867866155896,27.769023411333226,8,10
0x23354faccb3702bb69898f0e30a564a95ae8dae3,0xcca7744ab6ba1675d5e97c402c43276b2764f0cf,1649746510,0.9991183124287748,18.157340188104758,8,7
0x23354faccb3702bb69898f0e30a564a95ae8dae3,0xcca7744ab6ba1675d5e97c402c43276b2764f0cf,1650700920,0.997466202397372,18.126771475317156,8,7
0x220bda5c8994804ac96ebe4df184d25e5c2196d4,0x87a265c93d2a92c6eeec002283beaebb4564fd20,1649090025,0.999956417709583,21.580107525639608,8,8
0x355dacd76030c641efc443fce7f54159c900a089,0x3c71e327ced88a74d7f059009da2ff5637252d3f,1659890869,0.8753812873135194,29.08640683367996,8,8
0x3c71e327ced88a74d7f059009da2ff5637252d3f,0x2d196d7643ef097eb9e248387b96ca6afdd1eb2c,1667980043,0.8139159815805468,14.695145576872347,8,7
0xa724a674e1ace1d192f34378c243a9c17faed28f,0x1988463c1fa470cea939c64f6bd80c9e95391185,1660838012,0.9901529359113456,21.826933516808467,8,8
0xa724a674e1ace1d192f34378c243a9c17faed28f,0x1988463c1fa470cea939c64f6bd80c9e95391185,1661598273,0.9923423671402989,21.204200039545064,8,8
0xa724a674e1ace1d192f34378c243a9c17faed28f,0x1988463c1fa470cea939c64f6bd80c9e95391185,1661604733,0.9934790651106205,21.20515974617168,8,8
0xa724a674e1ace1d192f34378c243a9c17faed28f,0x1988463c1fa470cea939c64f6bd80c9e95391185,1661605743,0.990392183262393,21.216678693903933,8,8
0x2ebadd1405ac38f8ad6dd08d128505f5492db007,0xa7ca2c8673bcfa5a26d8ceec2887f2cc2b0db22a,1686668735,0.9996372421961909,15.489989479770426,8,8
0xa88800cd213da5ae406ce248380802bd53b47647,0x3a6ede44385215b7e3bbb727b8a120d46a0748b1,1679157095,0.9998297133884687,18.609686237786974,8,8
0xa88800cd213da5ae406ce248380802bd53b47647,0x3a6ede44385215b7e3bbb727b8a120d46a0748b1,1679158103,0.9999328347779557,18.610078762883784,8,8
0xdc58e6ad03fa3c21c2f68105af3954411d17ad8e,0x25b243384f3980ca69e2470ae873eba1558f1de3,1681714907,0.9971052881247847,18.762993837366004,8,8
0x8eb2283f696f2a130134d46e28d3528e19e16868,0xcca3d31d08ca74031077b1c2e014b62767ba4622,1674910247,0.9945291129115401,38.75151022237345,8,9
0x8eb2283f696f2a130134d46e28d3528e19e16868,0xcca3d31d08ca74031077b1c2e014b62767ba4622,1675090559,0.990195777223776,38.8676275819114,8,9
0x8eb2283f696f2a130134d46e28d3528e19e16868,0xcca3d31d08ca74031077b1c2e014b62767ba4622,1675158755,0.9942376470862375,38.95387901125409,8,9
0x8eb2283f696f2a130134d46e28d3528e19e16868,0xbd13d873213ff645cf8c3a13e77a51f25cbf159b,1681707683,0.9952689222746105,32.621655313564425,8,8
0xc24d30475eca133302192b502085a3cc124b0b9b,0x364e94a1bf09fc6498e979e7715bb13fa6e9f807,1674495995,0.9987533901098894,16.27949256176385,8,8
0xc24d30475eca133302192b502085a3cc124b0b9b,0x364e94a1bf09fc6498e979e7715bb13fa6e9f807,1674496103,0.9991797086393835,16.279104669107817,8,8
0xc24d30475eca133302192b502085a3cc124b0b9b,0x364e94a1bf09fc6498e979e7715bb13fa6e9f807,1674496163,0.9991759900278999,16.279106151202907,8,8
0xc24d30475eca133302192b502085a3cc124b0b9b,0x364e94a1bf09fc6498e979e7715bb13fa6e9f807,1681714451,0.9974492410922157,17.574043626410617,8,8
0xc24d30475eca133302192b502085a3cc124b0b9b,0x672aa2d12d80e73a8d82ef53636a1fc0fbbff470,1674497015,0.999406665123609,21.745285649480735,8,8
0x84d99aa569d93a9ca187d83734c8c4a519c4e9b1,0xa88800cd213da5ae406ce248380802bd53b47647,1679158103,0.9999328347779557,18.81135698721115,8,4
0xcc88036fa05c86129bf66260c2a905ab2c7b663c,0x5774a8565bc2f27cb1166067c31c75ceeccddea6,1674630359,0.9945568151917263,16.64526421044777,8,9
0xcc88036fa05c86129bf66260c2a905ab2c7b663c,0x5774a8565bc2f27cb1166067c31c75ceeccddea6,1674871643,0.9962880752170727,15.975180921234198,8,9
0xcc88036fa05c86129bf66260c2a905ab2c7b663c,0x5774a8565bc2f27cb1166067c31c75ceeccddea6,1675158071,0.990279746462906,40.207120492842954,8,9
0xcc88036fa05c86129bf66260c2a905ab2c7b663c,0x5774a8565bc2f27cb1166067c31c75ceeccddea6,1675158767,0.990479252134863,40.20577563044495,8,9
0x393eb67a9b14c7f487acea3b095dfb0bdb019ac2,0x4ce5be2f2011853ac9e165f58cbe76263f8fc9ad,1679417999,0.8983210538957386,14.905181349501262,8,4
0xbf786d2c25f1373858302efc18aa0a25c9f0bfd9,0x91183159caf6d2ee7c08fcfe9c50040cdaf1eb26,1675260911,0.9994468996859551,14.988869120810469,8,7
0xbf786d2c25f1373858302efc18aa0a25c9f0bfd9,0x91183159caf6d2ee7c08fcfe9c50040cdaf1eb26,1675581815,0.9997931957932977,14.949726065780112,8,7
0xbf786d2c25f1373858302efc18aa0a25c9f0bfd9,0x91183159caf6d2ee7c08fcfe9c50040cdaf1eb26,1675600955,0.9997416894568882,14.951647480929305,8,7
0xbf786d2c25f1373858302efc18aa0a25c9f0bfd9,0x91183159caf6d2ee7c08fcfe9c50040cdaf1eb26,1675604315,0.9995560205249099,14.952798217743057,8,7
0xd847f3a5a8936f66ef686c4f261d20d8c75c0eea,0x27fd43babfbe83a81d14665b1a6fb8030a60c9b4,1675538543,0.9995908825852607,28.7408364712955,8,8
0x7980fc4b89b706132bc8b98612d6c61c2097ef38,0x27fd43babfbe83a81d14665b1a6fb8030a60c9b4,1676020547,0.996754186187053,28.70886882422402,8,8
0xe789c5566b53546d46a0af48a4bd3f062d1fefd1,0xa88800cd213da5ae406ce248380802bd53b47647,1679157095,0.9998297133884687,20.588727361585335,8,7
0x8758aceeeba0e7014de3e9e8fe1c2d3047fb6387,0x27fd43babfbe83a81d14665b1a6fb8030a60c9b4,1679049971,0.9987295271647236,37.20694782076733,8,9
0x8758aceeeba0e7014de3e9e8fe1c2d3047fb6387,0x27fd43babfbe83a81d14665b1a6fb8030a60c9b4,1679070659,0.9994150717045771,37.201489605701404,8,9
0x8758aceeeba0e7014de3e9e8fe1c2d3047fb6387,0x27fd43babfbe83a81d14665b1a6fb8030a60c9b4,1683164723,0.9994584994406549,36.88781076864017,8,9
0xb627c4ff128009f748e125d9f7e33d2f8475489f,0x27fd43babfbe83a81d14665b1a6fb8030a60c9b4,1679037359,0.9990083981541399,31.224218188953685,8,8
0xb627c4ff128009f748e125d9f7e33d2f8475489f,0x27fd43babfbe83a81d14665b1a6fb8030a60c9b4,1679070671,0.9994163174984737,31.215630990841,8,8
0x24d7675c77829453271eaa65c0d5330d1182a98f,0x27fd43babfbe83a81d14665b1a6fb8030a60c9b4,1686488027,0.9994399859977295,28.636847495809576,8,8
